3751,3740,3729,3723,3718,3717,3720,3723,3725,3725,3726,3726,3724,3718,3713,3706,3699,3693,3685,3671,3655,3633,3611,3596,3581,3561,3549,3535,3522,3519,3521,3525,3531,3543,3565,3581,3592,3604,3622,3642,3656,3665,3679,3687,3688,3688,3691,3694,3696,3695,3698,3704,3706,3708,3712,3718,3723,3728,3733,3740,3745,3749,3755,3758,3756,3755,3753,3760,3767,3775,3782,3789,3799,3816,3839,3856,3876,3883,3879,3871,3848,3821,3804,3792,3786,3782,3775,3771,3772,3769,3761,3754,3746,3736,3729,3723,3719,3710,3702,3697,3691,3679,3672,3671,3671,3667,3665,3667,3670,3674,3680,3684,3687,3691,3695,3696,3700,3705,3715,3722,3723,3721,3721,3724,3724,3724,3721,3720,3719,3717,3708,3698,3696,3693,3688,3683,3681,3677,3671,3666,3660,3648,3629,3610,3601,3597,3572,3549,3534,3499,3472,3466,3451,3423,3418,3407,3391,3368,3353,3339,3324,3315,3303,3292,3284,3272,3262,3259,3259,3255,3248,3242,3237,3229,3225,3226,3228,3227,3225,3226,3231,3235,3241,3251,3260,3272,3283,3294,3309,3318,3327,3336,3346,3357,3371,3389,3410,3433,3453,3474,3490,3505,3519,3538,3555,3563,3571,3592,3608,3620,3632,3648,3658,3666,3676,3686,3705,3715,3726,3736,3750,3766,3771,3778,3799,3817,3832,3848,3874,3890,3898,3898,3892,3882,3866,3851,3835,3820,3805,3791,3789,3789,3793,3799,3803,3808,3816,3827,3834,3842,3851,3853,3858,3870,3882,3894
3752,3740,3731,3728,3725,3723,3723,3723,3726,3728,3728,3728,3728,3726,3721,3713,3704,3695,3687,3676,3658,3635,3617,3602,3586,3565,3552,3538,3525,3522,3525,3529,3534,3548,3566,3584,3597,3609,3626,3647,3659,3667,3679,3690,3692,3692,3694,3695,3697,3700,3705,3710,3711,3712,3714,3718,3723,3729,3737,3743,3748,3753,3758,3760,3760,3760,3759,3763,3769,3775,3782,3792,3800,3809,3824,3854,3886,3887,3881,3872,3851,3826,3806,3794,3786,3781,3778,3775,3775,3772,3765,3754,3743,3731,3723,3719,3713,3703,3698,3694,3686,3670,3665,3665,3665,3662,3659,3661,3663,3667,3671,3675,3680,3685,3690,3691,3696,3700,3708,3714,3715,3715,3715,3714,3713,3713,3711,3710,3707,3702,3694,3689,3688,3684,3678,3673,3671,3666,3663,3658,3652,3643,3626,3611,3602,3600,3587,3564,3548,3517,3482,3459,3435,3420,3417,3408,3381,3357,3351,3340,3324,3310,3299,3286,3280,3270,3262,3259,3257,3253,3246,3239,3234,3227,3224,3227,3230,3229,3226,3226,3231,3236,3241,3249,3262,3280,3291,3299,3310,3320,3332,3342,3350,3360,3375,3394,3417,3438,3457,3478,3496,3513,3527,3547,3564,3573,3584,3607,3622,3630,3643,3659,3669,3678,3688,3703,3722,3732,3744,3756,3771,3785,3792,3798,3812,3825,3838,3853,3878,3899,3910,3913,3910,3899,3882,3865,3851,3843,3832,3813,3807,3806,3807,3812,3817,3822,3832,3843,3852,3862,3868,3869,3875,3887,3904,3916
3756,3742,3736,3735,3733,3730,3727,3727,3729,3731,3730,3730,3734,3734,3730,3724,3714,3705,3696,3683,3659,3637,3624,3611,3594,3572,3555,3539,3530,3527,3529,3532,3540,3553,3565,3583,3599,3612,3629,3647,3658,3669,3682,3691,3693,3693,3695,3698,3702,3705,3711,3716,3720,3721,3720,3721,3726,3735,3742,3745,3749,3754,3759,3761,3763,3763,3762,3764,3768,3775,3784,3794,3804,3810,3827,3865,3890,3891,3885,3874,3854,3832,3811,3798,3789,3785,3785,3783,3778,3775,3769,3757,3743,3728,3719,3715,3709,3700,3696,3691,3680,3665,3659,3657,3653,3650,3650,3652,3654,3658,3662,3667,3672,3679,3683,3684,3690,3696,3701,3706,3707,3707,3707,3705,3703,3702,3701,3699,3694,3687,3682,3680,3678,3673,3667,3663,3660,3656,3655,3649,3643,3634,3621,3610,3599,3597,3589,3571,3554,3536,3511,3457,3432,3420,3414,3402,3371,3354,3348,3338,3323,3309,3296,3282,3276,3269,3263,3258,3254,3249,3243,3236,3231,3226,3226,3229,3232,3231,3229,3227,3231,3241,3245,3250,3265,3283,3293,3301,3312,3323,3337,3346,3354,3366,3384,3406,3426,3442,3460,3481,3501,3519,3534,3554,3572,3585,3601,3623,3638,3644,3657,3675,3685,3692,3700,3719,3738,3753,3764,3774,3788,3802,3812,3822,3830,3841,3850,3861,3885,3908,3921,3926,3925,3915,3899,3883,3871,3868,3858,3838,3829,3827,3825,3827,3833,3838,3848,3859,3868,3880,3885,3887,3897,3913,3928,3935
3765,3749,3742,3740,3738,3734,3732,3730,3730,3731,3733,3736,3742,3745,3741,3732,3724,3714,3704,3691,3663,3640,3629,3618,3601,3575,3554,3543,3536,3532,3530,3534,3546,3557,3566,3582,3599,3614,3630,3644,3657,3671,3684,3692,3694,3694,3699,3705,3710,3713,3717,3724,3729,3732,3731,3730,3734,3742,3747,3747,3750,3754,3758,3761,3764,3764,3763,3764,3767,3775,3784,3796,3808,3817,3840,3876,3891,3892,3885,3872,3852,3834,3815,3802,3796,3793,3791,3785,3779,3776,3772,3762,3745,3728,3718,3712,3705,3697,3693,3686,3675,3661,3654,3646,3640,3638,3640,3642,3647,3651,3654,3659,3664,3671,3676,3677,3683,3690,3695,3697,3699,3698,3698,3697,3693,3690,3690,3687,3682,3676,3673,3671,3669,3664,3658,3652,3649,3648,3646,3641,3635,3627,3617,3608,3598,3594,3586,3572,3552,3539,3526,3468,3444,3423,3410,3395,3370,3356,3343,3333,3319,3307,3296,3281,3272,3267,3261,3256,3249,3245,3240,3235,3230,3227,3227,3229,3231,3231,3230,3229,3234,3244,3252,3258,3270,3284,3294,3304,3316,3329,3340,3348,3357,3371,3391,3414,3432,3448,3465,3485,3506,3525,3541,3561,3581,3599,3618,3637,3652,3657,3672,3692,3703,3705,3712,3735,3756,3776,3785,3789,3803,3817,3828,3837,3849,3859,3865,3875,3896,3916,3928,3935,3938,3932,3916,3900,3889,3887,3876,3857,3850,3847,3842,3841,3845,3852,3864,3874,3882,3894,3903,3912,3924,3937,3945,3951
3777,3760,3749,3745,3740,3735,3733,3731,3729,3731,3736,3743,3752,3757,3751,3738,3729,3718,3706,3693,3668,3646,3634,3621,3603,3572,3553,3546,3542,3536,3532,3537,3550,3558,3568,3585,3602,3617,3631,3645,3660,3675,3686,3692,3697,3699,3704,3713,3721,3724,3727,3735,3739,3741,3743,3743,3743,3746,3750,3748,3749,3752,3756,3759,3763,3765,3766,3767,3771,3780,3789,3800,3814,3826,3845,3874,3894,3894,3884,3868,3849,3835,3817,3805,3800,3797,3790,3782,3778,3776,3773,3763,3745,3729,3717,3708,3699,3694,3689,3680,3668,3656,3647,3637,3631,3632,3632,3635,3640,3642,3645,3650,3656,3661,3666,3669,3675,3681,3685,3687,3689,3688,3687,3685,3680,3677,3677,3674,3670,3666,3663,3661,3659,3656,3651,3643,3640,3638,3636,3633,3629,3623,3614,3605,3595,3589,3581,3567,3546,3533,3518,3473,3448,3426,3405,3389,3369,3354,3340,3329,3316,3305,3294,3280,3269,3262,3258,3253,3245,3240,3237,3233,3230,3227,3227,3229,3229,3230,3231,3234,3240,3249,3259,3266,3276,3286,3296,3308,3321,3332,3342,3351,3361,3375,3396,3415,3436,3453,3470,3489,3511,3529,3546,3569,3589,3609,3628,3647,3660,3669,3684,3703,3716,3721,3728,3752,3774,3791,3800,3805,3819,3832,3840,3846,3864,3874,3882,3893,3909,3924,3934,3944,3950,3947,3935,3922,3912,3906,3893,3875,3869,3864,3858,3854,3858,3866,3877,3888,3898,3909,3924,3940,3950,3954,3961,3970
3787,3772,3759,3750,3743,3737,3733,3729,3727,3731,3738,3747,3760,3766,3759,3746,3734,3718,3703,3690,3672,3653,3638,3623,3602,3572,3554,3547,3544,3540,3536,3541,3547,3553,3570,3589,3605,3619,3634,3647,3662,3675,3686,3693,3699,3703,3711,3720,3726,3732,3738,3745,3747,3749,3753,3752,3749,3748,3749,3747,3746,3750,3755,3758,3762,3767,3772,3775,3780,3790,3797,3810,3824,3836,3852,3872,3894,3897,3888,3869,3848,3835,3819,3807,3801,3797,3788,3781,3779,3776,3771,3762,3744,3729,3716,3704,3697,3692,3684,3673,3661,3648,3639,3630,3625,3625,3626,3628,3631,3633,3639,3644,3648,3651,3657,3661,3666,3672,3674,3675,3677,3677,3675,3671,3667,3665,3664,3662,3659,3655,3653,3651,3649,3647,3642,3636,3633,3628,3625,3624,3620,3616,3610,3600,3588,3581,3571,3556,3538,3523,3499,3465,3444,3425,3402,3383,3366,3351,3338,3326,3313,3302,3292,3277,3265,3257,3256,3255,3245,3236,3234,3232,3229,3228,3228,3229,3230,3231,3235,3241,3247,3255,3262,3271,3281,3288,3298,3311,3323,3334,3344,3355,3366,3381,3401,3418,3438,3456,3474,3493,3513,3531,3548,3572,3592,3611,3628,3651,3665,3678,3694,3709,3724,3737,3748,3761,3780,3793,3805,3816,3827,3837,3844,3851,3870,3883,3891,3901,3912,3925,3936,3947,3954,3953,3951,3947,3941,3932,3914,3898,3890,3884,3877,3872,3875,3881,3892,3904,3919,3931,3949,3966,3975,3977,3984,3991
3792,3780,3766,3753,3745,3739,3733,3729,3728,3734,3741,3750,3762,3768,3764,3755,3741,3722,3705,3693,3679,3657,3639,3624,3605,3579,3561,3551,3546,3542,3541,3542,3542,3547,3570,3593,3608,3623,3637,3649,3662,3674,3686,3694,3701,3708,3718,3725,3729,3735,3744,3752,3756,3758,3764,3758,3755,3752,3750,3745,3743,3752,3760,3764,3766,3771,3778,3786,3790,3797,3805,3820,3834,3847,3863,3880,3896,3901,3894,3872,3849,3835,3820,3808,3802,3796,3790,3784,3782,3776,3768,3763,3743,3728,3715,3705,3700,3691,3680,3666,3655,3641,3632,3624,3618,3615,3617,3618,3620,3626,3634,3639,3642,3644,3649,3653,3658,3663,3663,3663,3664,3665,3664,3660,3655,3654,3653,3652,3649,3647,3646,3643,3641,3637,3631,3627,3626,3620,3615,3610,3607,3605,3599,3588,3575,3565,3553,3540,3525,3508,3479,3457,3440,3421,3401,3381,3363,3348,3336,3321,3309,3299,3289,3273,3262,3259,3258,3258,3247,3234,3232,3231,3230,3229,3229,3229,3231,3235,3241,3246,3253,3259,3264,3271,3283,3291,3302,3312,3324,3336,3347,3359,3371,3386,3405,3423,3441,3458,3478,3497,3516,3534,3549,3570,3595,3612,3628,3651,3667,3682,3698,3712,3726,3744,3756,3762,3772,3786,3798,3810,3822,3831,3840,3849,3865,3882,3891,3896,3904,3916,3929,3941,3949,3951,3956,3961,3959,3955,3938,3923,3917,3911,3900,3891,3894,3903,3914,3927,3943,3960,3973,3988,4001,4006,4014,4016
3797,3787,3771,3756,3747,3741,3735,3729,3731,3738,3747,3755,3763,3769,3768,3763,3748,3730,3710,3697,3682,3660,3642,3624,3605,3583,3567,3558,3551,3544,3543,3543,3543,3553,3576,3597,3612,3626,3638,3649,3660,3674,3687,3696,3705,3714,3725,3731,3734,3738,3749,3760,3768,3772,3776,3766,3763,3760,3755,3748,3749,3761,3773,3777,3776,3778,3787,3799,3802,3807,3816,3827,3840,3854,3871,3890,3905,3907,3897,3874,3855,3839,3823,3811,3804,3800,3795,3791,3788,3779,3768,3762,3743,3725,3714,3706,3701,3691,3678,3664,3653,3639,3630,3623,3615,3609,3609,3610,3613,3619,3627,3631,3634,3638,3641,3643,3648,3653,3653,3651,3652,3654,3654,3650,3645,3643,3643,3642,3641,3641,3639,3635,3631,3625,3621,3618,3614,3608,3599,3592,3593,3590,3581,3571,3560,3547,3534,3522,3507,3491,3468,3449,3434,3413,3393,3377,3359,3341,3329,3316,3303,3294,3284,3273,3265,3264,3261,3258,3249,3235,3231,3231,3232,3231,3229,3230,3235,3241,3247,3251,3257,3262,3266,3272,3283,3294,3305,3316,3330,3341,3351,3364,3376,3390,3409,3425,3442,3461,3482,3501,3520,3538,3550,3569,3594,3613,3629,3649,3665,3680,3694,3707,3720,3737,3749,3752,3758,3773,3784,3795,3807,3818,3830,3837,3852,3869,3879,3883,3889,3900,3915,3929,3938,3945,3952,3960,3964,3965,3958,3946,3943,3939,3922,3909,3920,3931,3940,3953,3967,3983,3992,4008,4023,4033,4039,4037
3804,3797,3781,3763,3749,3742,3736,3732,3736,3743,3753,3761,3768,3775,3775,3767,3753,3734,3717,3699,3679,3661,3649,3630,3606,3584,3571,3562,3555,3548,3547,3547,3552,3569,3590,3601,3614,3627,3640,3650,3662,3675,3688,3698,3708,3719,3729,3735,3740,3746,3758,3772,3781,3786,3787,3779,3776,3771,3764,3758,3762,3773,3784,3786,3787,3788,3796,3807,3814,3818,3823,3831,3845,3859,3877,3899,3913,3912,3902,3884,3868,3851,3832,3820,3810,3803,3798,3796,3793,3783,3772,3762,3748,3728,3718,3708,3700,3690,3677,3665,3654,3642,3634,3628,3620,3611,3606,3607,3608,3612,3618,3620,3625,3631,3635,3635,3639,3644,3644,3642,3643,3645,3643,3639,3635,3632,3631,3631,3633,3634,3631,3626,3620,3612,3609,3606,3596,3587,3580,3578,3575,3567,3557,3547,3542,3531,3519,3505,3486,3469,3452,3437,3421,3398,3382,3369,3349,3332,3322,3311,3299,3290,3280,3273,3267,3266,3262,3257,3248,3238,3232,3231,3232,3232,3230,3232,3239,3245,3250,3255,3260,3264,3268,3276,3285,3295,3310,3322,3335,3345,3355,3369,3382,3396,3412,3426,3444,3466,3486,3505,3522,3540,3555,3572,3592,3610,3630,3648,3661,3674,3685,3698,3711,3725,3735,3740,3745,3759,3771,3783,3795,3807,3818,3821,3830,3848,3862,3869,3874,3883,3899,3911,3921,3931,3940,3950,3960,3967,3965,3959,3961,3962,3947,3935,3944,3952,3960,3975,3987,4000,4009,4024,4041,4053,4056,4051
3812,3806,3797,3776,3758,3747,3740,3738,3742,3749,3757,3765,3774,3781,3781,3771,3756,3740,3723,3703,3680,3664,3653,3635,3611,3593,3580,3568,3559,3555,3552,3551,3562,3587,3599,3607,3618,3633,3644,3653,3665,3676,3689,3701,3711,3721,3732,3740,3750,3760,3772,3784,3793,3797,3800,3797,3791,3786,3777,3774,3778,3787,3792,3794,3797,3800,3804,3812,3820,3826,3829,3835,3850,3865,3882,3903,3920,3923,3913,3896,3882,3866,3848,3833,3819,3809,3800,3797,3796,3788,3776,3765,3753,3737,3727,3711,3702,3692,3681,3672,3659,3649,3640,3633,3628,3613,3606,3605,3604,3605,3607,3611,3616,3623,3629,3629,3632,3636,3635,3634,3635,3636,3632,3626,3624,3622,3622,3621,3622,3623,3621,3615,3607,3598,3593,3587,3576,3568,3565,3560,3552,3544,3534,3524,3519,3513,3501,3486,3466,3448,3432,3421,3406,3385,3374,3359,3338,3325,3316,3307,3297,3286,3277,3271,3266,3262,3260,3254,3247,3240,3236,3233,3231,3231,3232,3235,3241,3247,3252,3256,3260,3265,3272,3281,3290,3301,3317,3328,3339,3348,3360,3375,3389,3401,3416,3431,3452,3474,3491,3509,3526,3544,3562,3579,3593,3608,3630,3645,3658,3668,3676,3688,3703,3713,3719,3722,3729,3742,3756,3770,3782,3793,3802,3806,3813,3826,3843,3854,3860,3870,3881,3890,3901,3913,3925,3935,3947,3960,3965,3968,3975,3978,3972,3963,3960,3969,3978,3989,4002,4017,4029,4041,4058,4066,4069,4066
3820,3811,3798,3783,3768,3756,3748,3748,3753,3759,3765,3773,3781,3786,3786,3776,3759,3743,3726,3705,3683,3667,3655,3637,3617,3600,3589,3577,3565,3560,3558,3558,3570,3592,3605,3611,3622,3637,3649,3657,3667,3679,3691,3704,3715,3724,3735,3747,3761,3774,3783,3792,3801,3805,3808,3809,3806,3800,3791,3785,3789,3795,3797,3800,3804,3809,3811,3817,3822,3826,3832,3842,3858,3872,3888,3909,3929,3937,3932,3912,3894,3880,3869,3854,3835,3818,3806,3804,3803,3794,3782,3771,3764,3751,3737,3719,3709,3699,3690,3681,3672,3662,3644,3634,3629,3616,3606,3602,3601,3600,3602,3606,3611,3618,3623,3622,3623,3625,3626,3625,3626,3626,3622,3616,3612,3611,3613,3611,3609,3608,3606,3602,3595,3586,3579,3569,3560,3555,3550,3541,3533,3525,3517,3507,3498,3490,3479,3466,3447,3430,3416,3408,3394,3379,3367,3354,3336,3322,3313,3305,3297,3284,3274,3269,3264,3258,3254,3249,3246,3243,3239,3235,3233,3233,3235,3239,3243,3250,3254,3257,3261,3266,3275,3285,3294,3307,3323,3334,3344,3353,3366,3381,3392,3405,3422,3441,3460,3480,3496,3513,3533,3550,3569,3588,3601,3614,3631,3645,3655,3665,3674,3682,3691,3699,3705,3707,3713,3725,3738,3751,3764,3767,3775,3788,3797,3805,3818,3831,3842,3851,3861,3870,3882,3898,3909,3918,3929,3943,3955,3967,3977,3981,3982,3983,3980,3988,3999,4008,4019,4035,4048,4059,4071,4080,4085,4083
3827,3815,3800,3785,3774,3766,3758,3759,3765,3767,3772,3781,3789,3793,3792,3783,3765,3748,3729,3706,3687,3672,3660,3643,3623,3604,3596,3585,3574,3570,3569,3570,3576,3592,3607,3614,3625,3638,3650,3661,3669,3682,3695,3707,3719,3728,3739,3755,3767,3779,3791,3799,3807,3813,3819,3824,3824,3815,3804,3795,3795,3799,3799,3798,3803,3809,3814,3820,3821,3826,3835,3850,3864,3879,3898,3919,3940,3948,3949,3932,3904,3897,3895,3879,3850,3830,3819,3813,3807,3794,3782,3772,3765,3757,3749,3737,3716,3705,3697,3690,3683,3667,3653,3643,3636,3624,3608,3602,3599,3597,3598,3601,3605,3612,3618,3615,3615,3617,3618,3617,3615,3613,3608,3605,3599,3599,3601,3600,3592,3589,3588,3585,3581,3574,3564,3552,3544,3539,3533,3526,3517,3507,3499,3488,3476,3468,3458,3445,3432,3416,3404,3396,3383,3371,3357,3346,3333,3320,3312,3305,3295,3281,3272,3269,3264,3256,3251,3248,3246,3244,3241,3237,3235,3234,3236,3241,3246,3253,3255,3257,3261,3267,3277,3286,3295,3309,3326,3338,3348,3359,3374,3386,3395,3409,3433,3449,3463,3482,3502,3520,3538,3555,3573,3596,3610,3620,3633,3645,3652,3663,3672,3676,3681,3689,3695,3699,3704,3713,3721,3732,3743,3751,3759,3768,3783,3789,3796,3809,3822,3832,3841,3851,3862,3879,3893,3903,3913,3926,3939,3958,3971,3978,3985,3989,3992,4007,4021,4031,4042,4055,4069,4080,4088,4094,4094,4088
3840,3825,3810,3794,3782,3774,3768,3767,3772,3774,3779,3787,3796,3797,3792,3785,3769,3752,3734,3711,3691,3678,3664,3645,3624,3610,3601,3592,3584,3579,3576,3575,3580,3600,3613,3619,3630,3640,3653,3665,3673,3684,3697,3709,3721,3732,3746,3759,3769,3783,3799,3807,3816,3824,3839,3848,3843,3829,3815,3806,3803,3803,3799,3797,3801,3807,3813,3818,3820,3827,3841,3857,3869,3885,3907,3929,3945,3952,3952,3939,3918,3906,3897,3885,3852,3831,3822,3812,3800,3786,3774,3765,3759,3757,3754,3744,3728,3717,3709,3702,3695,3677,3665,3657,3649,3636,3618,3608,3602,3598,3595,3594,3599,3606,3609,3609,3610,3612,3612,3608,3603,3601,3597,3591,3585,3585,3584,3583,3574,3571,3572,3570,3564,3555,3549,3537,3527,3520,3515,3510,3500,3489,3478,3468,3457,3448,3438,3429,3417,3404,3392,3384,3371,3361,3347,3336,3325,3318,3312,3303,3292,3279,3270,3268,3265,3258,3252,3249,3248,3245,3242,3238,3237,3236,3237,3239,3244,3252,3256,3258,3261,3269,3279,3286,3295,3308,3327,3340,3350,3363,3380,3390,3401,3416,3437,3453,3467,3485,3505,3522,3541,3557,3574,3598,3610,3619,3632,3642,3648,3658,3667,3671,3675,3681,3686,3689,3695,3702,3708,3717,3732,3744,3751,3757,3762,3771,3779,3789,3804,3817,3820,3827,3837,3856,3870,3882,3896,3911,3926,3944,3960,3975,3984,3989,3997,4015,4028,4037,4052,4069,4086,4096,4104,4106,4096,4086
3851,3839,3821,3804,3792,3786,3781,3781,3781,3783,3789,3795,3801,3799,3793,3784,3771,3755,3736,3717,3698,3681,3666,3645,3628,3617,3610,3600,3591,3583,3582,3581,3585,3605,3618,3625,3636,3644,3656,3666,3675,3686,3699,3710,3724,3736,3754,3764,3772,3790,3811,3826,3833,3843,3858,3865,3858,3846,3832,3817,3809,3804,3802,3799,3803,3807,3811,3815,3821,3832,3849,3865,3879,3895,3916,3937,3952,3956,3954,3942,3921,3904,3890,3874,3848,3828,3820,3809,3791,3776,3764,3755,3750,3749,3745,3736,3728,3724,3716,3709,3702,3688,3673,3666,3657,3644,3632,3620,3608,3601,3595,3591,3592,3599,3602,3602,3603,3606,3603,3596,3591,3588,3583,3575,3568,3567,3565,3564,3559,3557,3559,3552,3546,3540,3528,3514,3509,3503,3500,3490,3481,3472,3461,3449,3440,3432,3422,3413,3404,3393,3381,3371,3360,3352,3339,3326,3317,3314,3308,3299,3286,3276,3271,3268,3266,3263,3258,3254,3253,3249,3244,3239,3238,3238,3237,3239,3244,3252,3257,3259,3261,3270,3283,3291,3298,3311,3328,3341,3351,3363,3379,3392,3406,3421,3437,3454,3472,3490,3504,3522,3540,3556,3574,3596,3606,3616,3630,3638,3644,3653,3661,3664,3667,3671,3676,3680,3687,3696,3702,3710,3724,3737,3744,3747,3750,3758,3765,3772,3786,3800,3809,3816,3828,3842,3853,3863,3875,3890,3906,3927,3946,3960,3972,3982,3991,4012,4026,4033,4049,4071,4087,4099,4108,4109,4095,4081
3858,3852,3838,3818,3802,3793,3791,3792,3792,3793,3795,3802,3810,3805,3796,3786,3774,3756,3737,3720,3702,3685,3669,3652,3635,3622,3613,3603,3595,3588,3585,3584,3589,3606,3618,3628,3639,3649,3658,3666,3675,3687,3698,3713,3727,3741,3761,3771,3782,3803,3830,3850,3859,3870,3882,3888,3880,3863,3846,3827,3816,3808,3806,3806,3806,3809,3815,3823,3826,3839,3858,3875,3891,3906,3927,3954,3967,3969,3963,3944,3919,3903,3888,3872,3853,3838,3828,3813,3791,3771,3760,3750,3743,3737,3732,3727,3726,3723,3714,3705,3700,3687,3675,3669,3660,3645,3638,3627,3612,3603,3598,3592,3589,3591,3595,3597,3598,3599,3594,3586,3581,3576,3567,3559,3556,3555,3554,3550,3546,3544,3541,3534,3529,3521,3509,3498,3491,3487,3482,3470,3457,3451,3442,3429,3424,3418,3407,3399,3392,3381,3369,3358,3349,3344,3337,3322,3311,3310,3304,3295,3286,3275,3271,3269,3269,3269,3264,3261,3258,3252,3245,3240,3240,3240,3237,3239,3245,3251,3255,3257,3261,3271,3286,3295,3304,3315,3329,3341,3352,3365,3379,3393,3408,3421,3436,3455,3473,3489,3504,3519,3537,3554,3573,3591,3601,3611,3620,3629,3638,3647,3653,3656,3658,3663,3669,3675,3680,3688,3695,3705,3718,3731,3739,3744,3748,3752,3756,3762,3770,3785,3796,3812,3826,3836,3843,3854,3868,3883,3896,3908,3923,3935,3944,3958,3973,3993,4010,4023,4043,4064,4081,4094,4104,4104,4093,4077
3872,3865,3850,3834,3815,3803,3799,3801,3802,3802,3801,3805,3815,3812,3801,3789,3774,3757,3737,3718,3700,3686,3674,3658,3642,3627,3615,3605,3599,3591,3585,3588,3599,3610,3621,3632,3645,3654,3660,3670,3678,3684,3702,3719,3733,3745,3766,3780,3795,3818,3846,3868,3880,3890,3900,3897,3888,3874,3855,3836,3824,3816,3812,3811,3810,3814,3823,3830,3834,3847,3866,3883,3901,3920,3948,3969,3979,3984,3977,3958,3927,3905,3888,3875,3863,3850,3839,3823,3792,3775,3762,3753,3743,3732,3725,3721,3721,3718,3712,3704,3701,3692,3684,3675,3660,3642,3635,3625,3614,3606,3601,3595,3590,3588,3589,3590,3590,3591,3587,3580,3572,3564,3555,3549,3548,3545,3541,3536,3531,3526,3526,3518,3509,3504,3499,3485,3475,3468,3461,3450,3440,3431,3421,3414,3409,3401,3393,3386,3377,3367,3359,3354,3343,3337,3332,3321,3311,3309,3302,3294,3284,3276,3273,3271,3271,3271,3267,3263,3258,3251,3245,3241,3242,3239,3237,3238,3243,3250,3254,3258,3264,3274,3288,3297,3307,3318,3328,3340,3353,3365,3379,3393,3408,3421,3436,3453,3472,3486,3501,3517,3533,3552,3571,3589,3597,3605,3614,3623,3632,3641,3649,3652,3653,3660,3667,3673,3678,3685,3693,3700,3715,3724,3732,3739,3744,3745,3748,3754,3762,3771,3780,3793,3817,3832,3841,3853,3864,3880,3886,3891,3900,3908,3920,3936,3953,3974,3997,4015,4031,4051,4069,4082,4093,4100,4089,4075
3894,3885,3871,3851,3831,3819,3810,3811,3815,3816,3822,3827,3830,3819,3809,3795,3778,3760,3746,3727,3704,3686,3674,3662,3649,3634,3620,3609,3604,3599,3591,3596,3607,3617,3627,3639,3648,3655,3665,3675,3682,3692,3710,3725,3736,3749,3768,3789,3805,3829,3858,3879,3892,3905,3914,3902,3890,3875,3860,3844,3833,3825,3821,3822,3821,3823,3829,3832,3842,3859,3877,3894,3913,3934,3958,3977,3987,3991,3980,3964,3942,3919,3898,3882,3866,3847,3825,3810,3795,3778,3763,3754,3744,3732,3725,3720,3714,3712,3711,3710,3706,3701,3692,3678,3656,3637,3630,3622,3613,3607,3601,3595,3590,3586,3583,3584,3582,3579,3577,3571,3563,3553,3543,3540,3536,3530,3524,3520,3512,3509,3512,3503,3492,3486,3478,3468,3455,3444,3436,3431,3422,3415,3409,3402,3394,3388,3382,3374,3364,3356,3351,3349,3337,3327,3322,3315,3309,3305,3297,3288,3283,3276,3274,3273,3273,3273,3270,3267,3261,3254,3248,3244,3242,3240,3237,3238,3244,3253,3258,3260,3265,3274,3284,3296,3311,3320,3328,3341,3356,3369,3379,3394,3411,3424,3435,3451,3468,3483,3495,3509,3528,3545,3561,3583,3594,3601,3608,3618,3629,3639,3646,3650,3653,3658,3663,3668,3676,3685,3691,3701,3712,3721,3726,3735,3740,3742,3742,3744,3750,3759,3771,3783,3796,3819,3842,3854,3860,3866,3873,3879,3883,3894,3909,3923,3939,3963,3986,4002,4017,4034,4054,4071,4084,4090,4084,4069
3917,3912,3902,3882,3861,3856,3847,3841,3840,3851,3861,3856,3841,3824,3810,3798,3783,3766,3753,3734,3710,3688,3677,3667,3654,3636,3623,3615,3610,3601,3597,3602,3612,3622,3633,3642,3649,3656,3668,3676,3685,3697,3714,3728,3741,3755,3779,3799,3818,3842,3868,3890,3905,3914,3924,3926,3911,3896,3879,3861,3850,3844,3842,3843,3840,3839,3841,3842,3855,3872,3889,3908,3931,3952,3970,3985,3997,4002,3987,3968,3952,3926,3904,3890,3870,3846,3829,3814,3797,3779,3764,3754,3745,3736,3730,3723,3712,3706,3712,3714,3712,3704,3693,3672,3651,3634,3626,3619,3612,3605,3598,3592,3588,3582,3578,3576,3574,3571,3567,3558,3551,3542,3532,3525,3521,3516,3509,3505,3496,3488,3487,3484,3477,3467,3457,3447,3437,3425,3415,3409,3403,3400,3396,3389,3381,3377,3373,3365,3359,3349,3343,3345,3332,3322,3317,3313,3304,3298,3293,3286,3280,3278,3276,3275,3274,3274,3274,3273,3268,3261,3255,3249,3245,3242,3240,3241,3246,3254,3259,3260,3264,3272,3283,3295,3311,3325,3336,3348,3362,3372,3382,3397,3413,3425,3435,3447,3462,3481,3495,3512,3528,3540,3553,3575,3588,3596,3603,3614,3625,3635,3642,3649,3653,3658,3663,3667,3676,3687,3695,3703,3712,3715,3720,3726,3735,3738,3738,3739,3745,3752,3763,3775,3798,3833,3846,3849,3848,3851,3862,3873,3879,3886,3900,3918,3931,3948,3967,3983,3998,4013,4034,4056,4075,4084,4082,4066
3923,3924,3913,3893,3874,3866,3865,3867,3874,3881,3881,3878,3861,3840,3823,3808,3792,3772,3755,3737,3713,3693,3682,3672,3653,3638,3630,3625,3620,3608,3603,3607,3615,3624,3637,3646,3652,3658,3670,3678,3687,3700,3716,3729,3743,3760,3787,3808,3829,3849,3873,3901,3913,3920,3936,3941,3934,3919,3902,3882,3868,3859,3860,3863,3861,3863,3865,3868,3879,3892,3907,3927,3949,3974,3992,4003,4016,4021,4009,3989,3959,3935,3912,3896,3879,3856,3834,3819,3804,3779,3764,3755,3746,3738,3733,3727,3716,3716,3718,3718,3714,3702,3686,3667,3648,3632,3622,3615,3605,3599,3592,3586,3582,3578,3574,3570,3565,3561,3555,3545,3538,3530,3519,3512,3508,3504,3498,3496,3485,3475,3467,3463,3457,3448,3436,3425,3418,3410,3403,3397,3390,3386,3383,3378,3370,3366,3363,3357,3353,3345,3341,3344,3338,3326,3317,3311,3300,3295,3292,3288,3281,3280,3279,3278,3279,3281,3280,3275,3271,3266,3261,3255,3250,3247,3245,3246,3249,3254,3256,3258,3262,3275,3286,3297,3312,3331,3343,3356,3368,3376,3386,3402,3417,3431,3441,3449,3463,3482,3499,3516,3528,3538,3549,3567,3577,3590,3602,3615,3622,3633,3641,3649,3654,3660,3666,3674,3681,3693,3700,3705,3711,3717,3720,3723,3727,3730,3734,3738,3742,3746,3752,3769,3797,3815,3829,3835,3835,3839,3851,3865,3873,3882,3898,3913,3923,3937,3952,3967,3983,4002,4022,4041,4062,4078,4075,4060
3912,3917,3913,3908,3893,3881,3879,3888,3898,3902,3901,3899,3876,3851,3833,3817,3795,3772,3756,3738,3718,3700,3688,3674,3657,3643,3634,3629,3622,3616,3612,3613,3617,3628,3642,3650,3656,3664,3672,3680,3688,3701,3718,3732,3746,3763,3790,3813,3834,3853,3879,3908,3921,3933,3949,3955,3946,3936,3925,3906,3888,3874,3875,3882,3882,3885,3894,3904,3909,3919,3938,3954,3976,4002,4016,4021,4029,4030,4021,4002,3972,3947,3926,3909,3889,3862,3836,3824,3808,3788,3767,3757,3749,3742,3736,3730,3726,3725,3723,3719,3713,3698,3680,3663,3648,3632,3622,3613,3601,3591,3584,3578,3575,3572,3569,3563,3557,3550,3538,3533,3524,3512,3505,3500,3497,3494,3491,3482,3474,3464,3454,3446,3437,3426,3416,3408,3401,3396,3392,3388,3381,3376,3372,3367,3362,3359,3353,3351,3344,3337,3336,3339,3335,3324,3316,3309,3297,3295,3296,3292,3286,3283,3281,3281,3284,3284,3282,3277,3273,3268,3264,3259,3253,3250,3248,3247,3249,3250,3252,3255,3263,3277,3289,3301,3316,3330,3344,3356,3369,3378,3391,3407,3421,3437,3454,3461,3473,3488,3506,3523,3531,3537,3549,3563,3576,3590,3606,3616,3624,3633,3642,3652,3659,3668,3678,3686,3694,3701,3703,3706,3712,3718,3720,3721,3725,3728,3732,3736,3739,3742,3748,3761,3785,3803,3814,3825,3830,3838,3849,3860,3871,3882,3894,3908,3919,3931,3945,3958,3971,3991,4014,4033,4054,4067,4064,4053
3894,3898,3903,3909,3908,3904,3900,3904,3913,3916,3914,3908,3891,3864,3837,3817,3796,3775,3759,3741,3724,3707,3690,3675,3663,3647,3637,3632,3625,3621,3620,3620,3623,3635,3646,3654,3662,3669,3677,3685,3690,3701,3722,3738,3750,3765,3792,3818,3836,3859,3880,3910,3928,3939,3951,3959,3960,3954,3947,3932,3914,3898,3905,3914,3911,3913,3930,3937,3938,3950,3971,3983,3998,4016,4022,4024,4028,4023,4017,4007,3985,3965,3944,3927,3905,3878,3856,3842,3820,3789,3773,3761,3752,3746,3739,3730,3726,3725,3723,3718,3710,3695,3678,3663,3649,3631,3622,3612,3599,3586,3576,3571,3570,3567,3562,3557,3549,3538,3529,3520,3509,3498,3492,3489,3486,3483,3476,3465,3456,3449,3440,3433,3420,3409,3401,3391,3383,3381,3381,3377,3370,3367,3364,3358,3355,3350,3346,3345,3339,3331,3329,3328,3325,3321,3314,3307,3299,3299,3300,3298,3294,3290,3286,3287,3290,3290,3284,3279,3276,3269,3265,3261,3257,3255,3253,3250,3249,3249,3252,3256,3263,3277,3291,3299,3310,3323,3340,3355,3368,3377,3391,3406,3423,3442,3461,3476,3487,3501,3515,3528,3533,3538,3549,3565,3577,3591,3606,3618,3626,3635,3646,3657,3668,3675,3682,3688,3698,3704,3706,3710,3716,3721,3722,3725,3730,3732,3734,3737,3740,3743,3746,3758,3778,3797,3812,3818,3822,3834,3848,3861,3873,3887,3893,3903,3915,3925,3935,3948,3963,3979,4000,4023,4042,4054,4059,4057
3876,3878,3887,3898,3904,3906,3906,3908,3916,3921,3918,3912,3900,3873,3843,3822,3803,3782,3766,3747,3724,3706,3690,3675,3663,3650,3640,3635,3631,3627,3626,3626,3629,3638,3650,3658,3666,3672,3680,3688,3693,3705,3725,3742,3756,3773,3802,3830,3846,3862,3881,3909,3931,3940,3951,3964,3971,3974,3970,3972,3958,3936,3944,3941,3941,3949,3959,3962,3967,3976,3989,4000,4006,4009,4010,4012,4011,4010,4005,4000,3991,3979,3962,3943,3913,3889,3876,3868,3844,3803,3777,3764,3756,3752,3744,3732,3725,3724,3721,3714,3708,3699,3685,3670,3650,3628,3617,3608,3595,3582,3570,3566,3563,3557,3550,3543,3535,3529,3519,3507,3497,3489,3479,3473,3468,3465,3453,3440,3434,3429,3423,3413,3404,3395,3387,3378,3372,3371,3369,3364,3361,3361,3359,3354,3348,3345,3342,3341,3335,3330,3326,3322,3320,3317,3312,3307,3302,3302,3303,3302,3303,3298,3296,3296,3297,3295,3288,3281,3280,3273,3268,3264,3259,3257,3255,3253,3250,3250,3252,3258,3267,3278,3289,3298,3308,3321,3340,3356,3369,3381,3396,3409,3421,3436,3467,3487,3500,3511,3523,3535,3539,3544,3554,3567,3579,3593,3607,3616,3627,3638,3648,3661,3672,3678,3682,3688,3698,3705,3709,3714,3721,3725,3727,3730,3734,3734,3736,3739,3742,3744,3749,3763,3780,3796,3808,3812,3817,3832,3843,3858,3875,3885,3890,3899,3908,3919,3928,3942,3957,3972,3990,4009,4028,4042,4056,4061
3852,3859,3868,3880,3892,3897,3899,3900,3908,3916,3918,3915,3905,3880,3849,3828,3810,3787,3763,3740,3721,3705,3690,3676,3666,3654,3645,3640,3636,3631,3630,3631,3634,3641,3652,3662,3671,3677,3682,3692,3701,3712,3727,3743,3764,3786,3815,3842,3857,3869,3886,3911,3930,3942,3957,3969,3979,3985,3986,3985,3977,3968,3968,3967,3964,3967,3972,3976,3979,3983,3991,3997,3996,3994,3993,3993,3992,3992,3990,3986,3982,3973,3961,3945,3921,3902,3894,3887,3862,3814,3781,3767,3762,3758,3750,3739,3730,3730,3723,3713,3709,3705,3692,3675,3655,3630,3612,3602,3588,3576,3566,3560,3554,3545,3536,3530,3522,3515,3507,3497,3489,3479,3469,3460,3453,3445,3434,3421,3416,3412,3405,3396,3388,3381,3377,3371,3365,3364,3359,3354,3354,3356,3355,3351,3346,3343,3340,3335,3331,3329,3328,3325,3319,3315,3311,3308,3306,3307,3308,3306,3306,3305,3305,3304,3303,3299,3294,3287,3283,3279,3274,3268,3261,3257,3254,3251,3250,3250,3254,3261,3269,3278,3289,3299,3310,3325,3343,3358,3371,3387,3402,3412,3419,3428,3460,3494,3508,3516,3528,3540,3546,3552,3560,3572,3584,3597,3609,3618,3628,3640,3651,3665,3677,3682,3683,3691,3700,3706,3710,3718,3726,3730,3731,3736,3739,3740,3744,3748,3748,3750,3758,3769,3781,3792,3802,3808,3814,3827,3837,3852,3869,3880,3889,3897,3906,3917,3930,3942,3953,3967,3985,4002,4018,4034,4054,4066
3826,3836,3848,3860,3872,3880,3884,3887,3896,3905,3911,3912,3905,3886,3857,3833,3814,3793,3766,3739,3721,3705,3690,3677,3666,3657,3651,3645,3642,3638,3636,3638,3640,3645,3656,3667,3677,3687,3693,3701,3711,3721,3732,3751,3776,3797,3821,3841,3863,3878,3896,3912,3927,3943,3959,3972,3981,3988,3990,3984,3976,3974,3976,3979,3975,3972,3972,3974,3973,3975,3979,3982,3981,3977,3976,3976,3974,3971,3969,3966,3962,3957,3949,3939,3923,3910,3901,3891,3875,3835,3797,3781,3778,3770,3760,3746,3736,3734,3730,3720,3710,3704,3691,3674,3656,3626,3607,3597,3584,3573,3563,3554,3545,3533,3526,3518,3509,3502,3498,3490,3477,3465,3455,3447,3438,3431,3422,3410,3403,3400,3393,3385,3380,3372,3369,3363,3357,3355,3352,3351,3351,3352,3352,3348,3345,3342,3338,3334,3331,3330,3330,3328,3320,3317,3316,3313,3312,3315,3315,3311,3310,3309,3310,3308,3306,3304,3300,3292,3285,3280,3277,3271,3264,3258,3254,3250,3248,3250,3256,3262,3268,3276,3288,3298,3309,3326,3345,3356,3370,3387,3404,3417,3429,3441,3471,3498,3514,3522,3532,3543,3552,3557,3565,3577,3588,3600,3610,3619,3630,3643,3654,3667,3680,3686,3687,3695,3703,3709,3717,3726,3734,3738,3740,3741,3742,3745,3750,3754,3757,3757,3763,3771,3779,3786,3794,3802,3810,3820,3833,3849,3866,3879,3889,3897,3906,3917,3930,3942,3952,3965,3979,3994,4011,4028,4049,4066
3809,3820,3833,3843,3854,3862,3870,3876,3887,3896,3902,3906,3899,3883,3860,3838,3817,3796,3772,3743,3722,3706,3695,3682,3668,3660,3656,3654,3654,3653,3649,3646,3648,3653,3661,3672,3686,3698,3707,3714,3723,3732,3744,3766,3792,3809,3826,3843,3866,3884,3899,3912,3927,3942,3956,3970,3980,3986,3984,3977,3971,3969,3970,3970,3967,3965,3964,3962,3960,3959,3963,3965,3963,3959,3956,3956,3953,3950,3948,3945,3941,3939,3936,3929,3920,3911,3903,3897,3885,3861,3830,3808,3796,3780,3764,3746,3737,3734,3733,3722,3704,3694,3682,3663,3646,3622,3604,3593,3582,3572,3562,3550,3536,3525,3516,3507,3498,3492,3487,3478,3463,3448,3438,3430,3423,3417,3410,3400,3392,3386,3381,3376,3374,3368,3363,3358,3351,3348,3348,3349,3349,3348,3347,3345,3342,3340,3337,3335,3334,3334,3334,3332,3325,3324,3325,3323,3322,3324,3324,3322,3319,3318,3317,3314,3312,3311,3306,3296,3287,3280,3277,3272,3265,3259,3254,3250,3248,3251,3257,3262,3265,3273,3285,3295,3306,3321,3339,3351,3363,3381,3403,3421,3439,3459,3482,3503,3521,3530,3539,3548,3555,3562,3572,3582,3592,3602,3610,3621,3634,3646,3656,3668,3682,3691,3697,3702,3708,3715,3723,3732,3738,3743,3746,3746,3745,3747,3750,3754,3758,3759,3762,3767,3774,3782,3787,3795,3804,3815,3828,3844,3864,3880,3889,3898,3907,3919,3929,3941,3952,3962,3975,3990,4008,4028,4050,4066
3799,3809,3820,3829,3837,3846,3856,3864,3874,3886,3893,3899,3891,3875,3857,3842,3824,3800,3774,3749,3726,3710,3699,3687,3673,3664,3662,3663,3665,3664,3659,3656,3656,3659,3669,3682,3695,3708,3720,3729,3738,3747,3758,3781,3806,3821,3836,3853,3871,3885,3897,3911,3927,3942,3954,3966,3976,3980,3975,3968,3961,3956,3954,3952,3951,3951,3948,3943,3938,3940,3944,3945,3943,3939,3937,3937,3933,3930,3928,3925,3923,3923,3920,3915,3908,3902,3898,3894,3884,3869,3842,3815,3797,3782,3763,3744,3732,3729,3726,3712,3694,3684,3668,3649,3637,3618,3599,3590,3578,3567,3559,3544,3529,3516,3504,3494,3487,3481,3473,3462,3450,3436,3425,3417,3410,3404,3398,3390,3379,3373,3370,3367,3366,3364,3361,3356,3349,3345,3345,3347,3346,3343,3343,3341,3338,3337,3336,3335,3337,3338,3339,3337,3333,3333,3333,3332,3332,3333,3335,3334,3330,3328,3329,3326,3322,3318,3312,3300,3292,3285,3279,3272,3264,3258,3256,3252,3250,3251,3257,3261,3263,3272,3282,3291,3304,3320,3337,3350,3364,3380,3399,3419,3441,3469,3489,3508,3526,3537,3546,3554,3559,3569,3578,3588,3597,3605,3613,3627,3643,3654,3662,3672,3684,3698,3706,3710,3713,3719,3726,3733,3740,3745,3748,3749,3749,3749,3749,3752,3755,3758,3760,3763,3769,3777,3782,3790,3802,3816,3827,3841,3859,3879,3891,3902,3912,3922,3930,3941,3953,3963,3976,3990,4006,4027,4049,4062
3789,3798,3807,3815,3822,3832,3841,3850,3858,3869,3879,3886,3884,3872,3859,3848,3830,3800,3774,3756,3735,3715,3703,3692,3681,3672,3671,3671,3671,3671,3666,3663,3664,3666,3678,3691,3704,3718,3731,3740,3751,3759,3770,3791,3813,3828,3846,3863,3876,3884,3898,3912,3927,3942,3954,3964,3971,3969,3963,3955,3947,3940,3934,3932,3932,3931,3926,3920,3918,3919,3921,3921,3920,3918,3916,3917,3915,3913,3910,3907,3907,3907,3903,3899,3893,3889,3887,3884,3876,3865,3839,3809,3792,3777,3760,3742,3727,3722,3712,3696,3684,3672,3654,3639,3626,3608,3593,3584,3572,3561,3551,3535,3519,3505,3492,3482,3474,3467,3457,3447,3438,3425,3415,3405,3398,3392,3388,3381,3372,3366,3363,3361,3361,3361,3359,3354,3349,3345,3343,3343,3342,3340,3341,3341,3339,3339,3338,3337,3338,3341,3346,3347,3343,3343,3343,3342,3341,3343,3345,3344,3338,3337,3340,3337,3329,3323,3316,3305,3298,3290,3282,3273,3266,3260,3257,3256,3253,3251,3255,3260,3263,3269,3277,3286,3302,3319,3332,3349,3365,3378,3395,3412,3433,3462,3490,3508,3524,3536,3548,3560,3569,3578,3584,3595,3602,3606,3616,3632,3652,3664,3671,3676,3687,3698,3706,3711,3714,3718,3725,3733,3740,3744,3747,3749,3751,3750,3748,3751,3754,3757,3759,3761,3764,3773,3780,3788,3800,3815,3831,3844,3860,3879,3894,3906,3915,3925,3933,3944,3955,3967,3981,3994,4009,4027,4046,4056
3782,3791,3799,3806,3813,3822,3828,3835,3843,3853,3864,3873,3879,3874,3868,3858,3834,3801,3779,3765,3744,3719,3707,3702,3694,3683,3678,3677,3679,3678,3674,3672,3672,3673,3682,3696,3713,3728,3739,3748,3759,3769,3780,3798,3816,3832,3853,3868,3879,3885,3901,3914,3927,3943,3955,3963,3964,3956,3946,3937,3928,3920,3916,3912,3909,3908,3905,3902,3901,3901,3899,3899,3897,3895,3894,3893,3895,3895,3893,3890,3890,3890,3886,3882,3878,3876,3875,3874,3867,3854,3830,3800,3781,3765,3749,3735,3722,3709,3693,3681,3673,3658,3642,3631,3615,3597,3584,3574,3561,3548,3534,3522,3506,3493,3482,3473,3463,3454,3443,3433,3424,3415,3405,3394,3387,3383,3381,3375,3369,3364,3361,3357,3358,3360,3356,3351,3349,3346,3342,3342,3342,3341,3343,3345,3347,3348,3347,3348,3346,3348,3354,3358,3355,3353,3354,3355,3353,3353,3353,3352,3350,3349,3349,3344,3334,3329,3320,3310,3303,3295,3283,3271,3267,3262,3258,3257,3254,3251,3253,3259,3264,3268,3274,3282,3296,3311,3325,3343,3361,3376,3393,3408,3432,3467,3490,3507,3522,3532,3547,3563,3577,3586,3592,3599,3603,3607,3615,3633,3651,3663,3669,3674,3683,3691,3699,3706,3713,3718,3725,3732,3738,3743,3746,3748,3751,3749,3747,3750,3752,3756,3761,3764,3766,3774,3781,3789,3799,3818,3838,3852,3865,3883,3902,3912,3919,3932,3942,3950,3958,3972,3987,3999,4012,4028,4046,4056
3776,3787,3796,3803,3809,3815,3820,3824,3833,3843,3853,3863,3873,3876,3874,3866,3843,3810,3789,3778,3753,3723,3713,3710,3705,3693,3684,3683,3686,3687,3684,3682,3680,3679,3687,3703,3724,3734,3745,3755,3765,3777,3788,3802,3820,3835,3856,3871,3881,3888,3902,3915,3928,3943,3955,3959,3954,3940,3924,3914,3906,3901,3898,3892,3889,3887,3886,3885,3883,3881,3881,3881,3878,3875,3873,3871,3873,3874,3872,3870,3871,3871,3868,3866,3865,3864,3862,3860,3853,3837,3815,3788,3764,3745,3734,3723,3712,3688,3672,3665,3657,3642,3630,3619,3604,3588,3574,3562,3546,3530,3518,3508,3493,3483,3473,3464,3452,3441,3432,3421,3410,3404,3394,3384,3380,3378,3375,3371,3367,3363,3360,3354,3354,3356,3353,3349,3350,3349,3346,3347,3348,3348,3348,3352,3357,3361,3364,3367,3365,3365,3369,3372,3367,3364,3367,3370,3367,3363,3361,3361,3363,3360,3357,3349,3340,3334,3327,3316,3307,3297,3283,3271,3269,3264,3258,3255,3252,3250,3252,3259,3266,3270,3274,3282,3297,3310,3325,3341,3358,3375,3393,3407,3427,3467,3489,3505,3520,3530,3543,3560,3576,3590,3595,3598,3602,3607,3615,3630,3643,3653,3660,3669,3677,3685,3692,3701,3711,3717,3724,3730,3738,3743,3745,3746,3749,3747,3747,3750,3753,3757,3765,3771,3775,3781,3786,3793,3805,3826,3845,3858,3868,3885,3909,3920,3929,3942,3953,3959,3965,3978,3993,4003,4014,4029,4048,4063
3770,3782,3792,3799,3804,3807,3811,3816,3824,3833,3843,3853,3864,3871,3873,3870,3857,3827,3809,3793,3763,3734,3724,3718,3711,3697,3689,3689,3690,3692,3692,3689,3687,3688,3698,3715,3731,3738,3749,3758,3767,3780,3793,3806,3822,3838,3855,3869,3881,3890,3904,3916,3927,3941,3950,3951,3940,3920,3901,3892,3887,3886,3881,3876,3872,3869,3865,3866,3864,3862,3864,3865,3862,3859,3855,3853,3852,3852,3852,3852,3853,3853,3851,3851,3852,3849,3844,3838,3832,3817,3796,3771,3749,3729,3720,3709,3694,3668,3655,3646,3638,3628,3617,3603,3591,3578,3564,3552,3537,3519,3507,3494,3481,3473,3462,3451,3440,3428,3422,3410,3399,3393,3383,3377,3376,3375,3370,3366,3364,3362,3360,3353,3351,3352,3351,3351,3354,3355,3356,3358,3359,3360,3360,3361,3368,3375,3381,3386,3388,3388,3389,3389,3384,3382,3386,3385,3381,3378,3372,3371,3372,3368,3364,3356,3345,3339,3333,3323,3314,3302,3289,3279,3275,3268,3259,3253,3251,3251,3253,3258,3266,3272,3276,3286,3302,3316,3326,3340,3357,3374,3392,3403,3415,3449,3485,3499,3513,3523,3535,3553,3572,3587,3592,3595,3600,3606,3614,3626,3635,3642,3651,3663,3673,3681,3687,3698,3709,3717,3723,3729,3737,3741,3743,3744,3746,3746,3748,3754,3759,3762,3769,3778,3783,3789,3794,3801,3815,3834,3851,3864,3874,3892,3914,3928,3939,3951,3962,3969,3974,3984,3997,4006,4017,4032,4052,4069
3765,3774,3784,3791,3794,3797,3803,3808,3815,3822,3831,3842,3853,3862,3870,3872,3867,3848,3834,3812,3781,3754,3739,3728,3714,3700,3693,3693,3693,3694,3695,3694,3692,3696,3707,3722,3733,3741,3752,3758,3767,3783,3797,3809,3824,3840,3855,3866,3879,3891,3904,3916,3925,3936,3941,3935,3922,3902,3884,3875,3872,3869,3863,3861,3856,3851,3846,3848,3847,3845,3845,3847,3847,3844,3837,3835,3835,3834,3835,3836,3838,3837,3835,3836,3837,3830,3823,3817,3810,3798,3777,3755,3737,3718,3708,3694,3675,3656,3643,3631,3622,3614,3601,3588,3579,3566,3554,3544,3530,3512,3496,3480,3468,3461,3448,3437,3427,3416,3410,3401,3392,3383,3375,3374,3375,3373,3368,3363,3361,3360,3361,3356,3353,3353,3354,3358,3360,3362,3367,3372,3374,3376,3374,3374,3381,3392,3397,3400,3402,3405,3408,3411,3409,3407,3407,3402,3396,3394,3389,3384,3381,3377,3373,3363,3351,3346,3340,3331,3321,3310,3298,3287,3280,3269,3260,3254,3252,3252,3254,3256,3264,3270,3276,3287,3303,3312,3319,3335,3354,3373,3390,3401,3412,3436,3477,3492,3503,3512,3526,3549,3568,3580,3586,3591,3598,3604,3611,3619,3625,3634,3644,3657,3670,3677,3683,3695,3708,3716,3721,3728,3736,3741,3742,3742,3744,3745,3750,3758,3764,3768,3773,3781,3787,3796,3800,3808,3823,3842,3858,3872,3885,3903,3919,3935,3947,3956,3969,3977,3981,3991,4001,4011,4024,4039,4056,4071
3760,3766,3775,3782,3784,3787,3794,3799,3807,3813,3822,3832,3841,3852,3864,3870,3870,3864,3851,3831,3807,3783,3761,3739,3720,3705,3699,3700,3700,3699,3701,3700,3698,3699,3710,3723,3735,3744,3754,3760,3770,3787,3801,3813,3828,3843,3860,3870,3881,3892,3903,3915,3924,3932,3931,3916,3903,3888,3875,3862,3854,3849,3843,3842,3840,3836,3832,3833,3833,3828,3826,3829,3829,3827,3822,3820,3821,3820,3819,3820,3821,3821,3821,3822,3820,3811,3807,3801,3794,3782,3761,3743,3727,3707,3693,3679,3661,3648,3634,3619,3609,3599,3585,3572,3564,3551,3540,3529,3515,3501,3483,3465,3452,3447,3436,3426,3415,3406,3400,3395,3388,3378,3371,3373,3374,3371,3366,3363,3361,3360,3363,3360,3356,3359,3363,3368,3369,3372,3379,3386,3389,3390,3388,3390,3396,3406,3411,3413,3420,3425,3430,3438,3437,3429,3426,3421,3412,3408,3404,3400,3396,3391,3384,3372,3360,3354,3348,3336,3326,3315,3303,3291,3280,3269,3261,3255,3253,3254,3255,3258,3264,3269,3274,3283,3295,3301,3311,3328,3350,3368,3384,3400,3411,3430,3461,3480,3493,3507,3525,3547,3564,3573,3579,3586,3593,3599,3605,3612,3618,3626,3636,3650,3661,3670,3679,3692,3705,3714,3718,3726,3739,3745,3744,3743,3742,3744,3753,3762,3769,3775,3782,3788,3797,3806,3808,3818,3833,3851,3866,3881,3895,3909,3924,3940,3953,3964,3976,3983,3987,3996,4007,4018,4032,4045,4061,4074
3753,3757,3766,3773,3777,3781,3786,3793,3802,3808,3817,3827,3831,3841,3853,3863,3870,3873,3863,3847,3831,3813,3789,3759,3735,3715,3706,3708,3708,3707,3709,3708,3705,3705,3716,3727,3737,3746,3758,3765,3776,3790,3805,3819,3834,3850,3867,3878,3886,3893,3903,3916,3924,3929,3923,3901,3888,3877,3864,3846,3835,3828,3825,3824,3824,3822,3818,3818,3818,3815,3811,3811,3811,3811,3810,3807,3808,3805,3803,3803,3803,3805,3806,3806,3801,3795,3792,3784,3778,3765,3747,3731,3713,3692,3676,3662,3648,3636,3622,3606,3595,3582,3568,3555,3545,3533,3519,3509,3499,3489,3470,3452,3439,3435,3429,3418,3409,3401,3395,3391,3385,3377,3370,3371,3371,3369,3365,3365,3363,3363,3368,3366,3363,3367,3374,3380,3381,3383,3391,3397,3401,3402,3402,3407,3413,3417,3423,3432,3448,3458,3460,3465,3457,3445,3442,3439,3429,3421,3417,3415,3410,3402,3394,3382,3370,3362,3354,3340,3328,3318,3306,3293,3279,3269,3261,3256,3255,3254,3256,3260,3267,3273,3274,3278,3290,3298,3308,3324,3341,3358,3377,3395,3407,3424,3449,3467,3486,3507,3524,3542,3556,3563,3570,3578,3584,3589,3596,3605,3613,3620,3629,3642,3653,3665,3675,3686,3697,3707,3712,3722,3737,3744,3745,3744,3743,3746,3759,3770,3781,3790,3796,3802,3816,3822,3823,3833,3846,3861,3877,3891,3903,3918,3933,3946,3958,3973,3981,3986,3992,4003,4015,4025,4037,4052,4068,4081
3742,3747,3756,3764,3769,3775,3782,3791,3800,3805,3814,3823,3826,3833,3841,3851,3862,3872,3872,3864,3851,3830,3806,3783,3761,3731,3714,3711,3710,3711,3715,3717,3715,3714,3724,3733,3737,3746,3761,3773,3783,3793,3808,3824,3840,3856,3872,3883,3890,3895,3904,3917,3923,3926,3917,3894,3877,3863,3846,3830,3818,3814,3814,3812,3808,3806,3802,3800,3803,3802,3799,3797,3797,3796,3796,3794,3793,3790,3787,3785,3784,3786,3786,3785,3781,3777,3769,3763,3758,3744,3731,3716,3696,3676,3659,3647,3635,3619,3606,3593,3582,3571,3556,3541,3530,3515,3499,3492,3489,3477,3460,3443,3431,3427,3422,3414,3407,3401,3394,3388,3383,3376,3371,3369,3369,3369,3368,3370,3369,3369,3374,3376,3374,3378,3386,3392,3394,3396,3405,3409,3416,3419,3421,3428,3435,3437,3443,3458,3477,3487,3491,3495,3481,3464,3458,3456,3449,3439,3433,3427,3417,3408,3399,3390,3378,3368,3357,3344,3331,3320,3308,3294,3280,3268,3262,3258,3256,3255,3257,3260,3267,3273,3276,3282,3292,3299,3308,3321,3337,3354,3374,3392,3407,3422,3443,3459,3480,3502,3519,3535,3544,3549,3556,3567,3573,3580,3587,3599,3609,3617,3625,3637,3650,3663,3673,3681,3689,3699,3705,3715,3731,3740,3743,3746,3748,3755,3769,3782,3795,3803,3810,3818,3832,3840,3842,3849,3857,3871,3888,3903,3916,3931,3946,3957,3969,3979,3986,3992,4000,4012,4022,4032,4044,4062,4078,4089
3733,3739,3748,3757,3762,3770,3782,3795,3801,3806,3814,3821,3823,3824,3830,3839,3849,3864,3875,3878,3865,3844,3819,3799,3780,3751,3730,3718,3712,3715,3722,3728,3729,3730,3736,3740,3743,3752,3765,3777,3788,3798,3811,3827,3843,3859,3878,3887,3893,3900,3908,3918,3921,3921,3913,3887,3864,3848,3829,3815,3805,3802,3805,3802,3796,3792,3789,3787,3789,3789,3787,3786,3785,3782,3782,3781,3778,3773,3770,3768,3768,3767,3764,3763,3760,3753,3745,3741,3736,3724,3713,3699,3682,3662,3645,3636,3624,3606,3591,3579,3572,3564,3548,3535,3522,3500,3484,3477,3474,3465,3450,3435,3423,3420,3416,3410,3407,3402,3394,3387,3382,3376,3373,3371,3370,3371,3373,3375,3376,3376,3380,3386,3387,3392,3401,3409,3410,3414,3427,3431,3442,3448,3450,3455,3462,3466,3471,3487,3502,3505,3514,3527,3516,3490,3480,3480,3474,3461,3449,3439,3425,3413,3404,3396,3383,3371,3360,3347,3335,3323,3311,3296,3280,3269,3264,3260,3257,3256,3257,3261,3266,3270,3278,3285,3290,3293,3302,3318,3339,3359,3373,3389,3407,3422,3437,3450,3468,3491,3513,3526,3531,3533,3540,3554,3564,3573,3583,3596,3607,3615,3624,3636,3649,3661,3670,3676,3685,3694,3701,3713,3731,3739,3743,3749,3755,3765,3779,3792,3804,3814,3823,3832,3845,3855,3859,3861,3865,3879,3899,3917,3929,3944,3957,3969,3983,3991,3996,4004,4017,4025,4032,4045,4056,4072,4087,4093
3728,3734,3744,3755,3762,3771,3787,3801,3807,3811,3818,3822,3822,3821,3822,3828,3839,3854,3873,3883,3878,3862,3841,3817,3795,3776,3758,3736,3720,3719,3729,3737,3739,3742,3746,3747,3752,3760,3771,3778,3790,3803,3816,3829,3845,3866,3885,3891,3899,3907,3912,3918,3919,3917,3911,3874,3847,3832,3818,3805,3796,3791,3792,3789,3785,3781,3778,3779,3777,3776,3776,3777,3774,3770,3769,3767,3763,3758,3755,3753,3752,3751,3748,3746,3742,3730,3724,3722,3717,3704,3693,3684,3667,3648,3635,3627,3617,3595,3576,3567,3562,3555,3542,3530,3513,3491,3474,3463,3463,3456,3441,3430,3420,3416,3414,3410,3406,3400,3393,3387,3384,3381,3378,3377,3376,3376,3378,3382,3384,3387,3391,3396,3402,3409,3421,3427,3430,3437,3448,3457,3468,3475,3476,3478,3486,3492,3497,3509,3520,3522,3536,3555,3559,3530,3511,3506,3496,3478,3459,3446,3437,3424,3414,3405,3392,3376,3363,3351,3340,3330,3319,3302,3283,3272,3267,3263,3259,3256,3259,3261,3263,3267,3271,3278,3281,3282,3296,3320,3341,3358,3372,3383,3404,3425,3437,3445,3458,3475,3496,3513,3516,3519,3527,3542,3558,3570,3585,3601,3610,3617,3626,3639,3650,3660,3668,3676,3687,3698,3709,3725,3738,3742,3747,3757,3767,3779,3791,3803,3814,3825,3836,3845,3859,3868,3873,3876,3879,3893,3913,3927,3937,3953,3968,3981,3995,4004,4009,4018,4035,4039,4049,4061,4069,4080,4091,4092
3722,3731,3744,3757,3769,3781,3795,3808,3815,3819,3823,3826,3826,3823,3822,3825,3836,3849,3868,3883,3885,3874,3856,3834,3815,3803,3784,3760,3733,3724,3734,3743,3746,3751,3755,3757,3758,3765,3774,3782,3793,3808,3821,3834,3853,3873,3889,3896,3905,3911,3915,3920,3920,3916,3899,3853,3834,3821,3811,3799,3788,3783,3779,3776,3772,3769,3770,3771,3768,3765,3765,3764,3762,3758,3756,3753,3747,3742,3740,3738,3736,3736,3736,3731,3722,3713,3706,3704,3697,3686,3677,3665,3649,3636,3626,3618,3605,3581,3565,3558,3551,3541,3531,3523,3507,3483,3466,3458,3456,3448,3437,3428,3419,3415,3414,3409,3403,3397,3391,3389,3388,3386,3385,3384,3384,3383,3387,3392,3395,3398,3403,3411,3418,3427,3436,3444,3449,3458,3467,3476,3487,3495,3500,3505,3510,3517,3516,3527,3540,3546,3558,3572,3579,3563,3544,3529,3519,3502,3480,3466,3455,3438,3429,3420,3406,3387,3371,3358,3348,3338,3325,3307,3288,3277,3270,3265,3260,3257,3258,3260,3261,3263,3269,3275,3277,3281,3297,3318,3335,3350,3362,3379,3401,3421,3432,3440,3449,3462,3479,3496,3504,3510,3518,3538,3558,3574,3589,3605,3614,3622,3632,3642,3652,3664,3674,3684,3698,3709,3720,3736,3744,3748,3757,3769,3784,3793,3804,3817,3828,3840,3849,3856,3869,3880,3885,3891,3897,3912,3928,3939,3947,3965,3979,3991,4004,4014,4021,4030,4047,4058,4069,4074,4079,4086,4090,4084
3716,3730,3744,3759,3776,3792,3804,3814,3822,3825,3829,3833,3835,3831,3828,3829,3838,3853,3869,3884,3894,3886,3869,3851,3840,3822,3800,3774,3753,3744,3746,3750,3754,3759,3766,3767,3766,3769,3776,3785,3799,3813,3828,3845,3859,3874,3892,3903,3912,3916,3918,3927,3930,3924,3864,3841,3832,3816,3806,3794,3783,3777,3773,3766,3762,3759,3763,3762,3758,3756,3754,3752,3748,3743,3739,3735,3728,3725,3724,3723,3722,3723,3721,3717,3708,3698,3690,3683,3681,3676,3666,3651,3638,3622,3611,3603,3588,3568,3554,3547,3538,3524,3517,3511,3498,3475,3459,3454,3451,3445,3435,3426,3417,3414,3411,3405,3401,3398,3395,3394,3393,3392,3393,3393,3393,3395,3400,3406,3408,3410,3417,3430,3438,3442,3451,3459,3464,3475,3486,3495,3503,3511,3524,3538,3543,3548,3547,3559,3567,3574,3581,3590,3595,3592,3576,3556,3539,3526,3510,3490,3471,3456,3442,3430,3416,3396,3382,3369,3356,3343,3333,3315,3293,3278,3272,3266,3261,3258,3259,3262,3265,3266,3271,3276,3280,3286,3300,3315,3327,3344,3356,3368,3388,3406,3420,3430,3441,3455,3471,3490,3502,3510,3516,3541,3564,3578,3588,3603,3614,3623,3634,3642,3656,3670,3680,3698,3717,3726,3732,3741,3750,3760,3768,3779,3793,3805,3817,3829,3841,3853,3861,3868,3878,3890,3898,3905,3916,3929,3943,3954,3965,3976,3988,4001,4015,4027,4034,4040,4052,4074,4083,4082,4082,4084,4083,4074
3712,3727,3740,3757,3782,3800,3811,3820,3829,3836,3839,3841,3845,3844,3841,3840,3846,3859,3870,3882,3895,3899,3889,3879,3867,3843,3817,3793,3777,3763,3754,3751,3757,3763,3767,3772,3774,3772,3779,3792,3806,3820,3839,3853,3866,3880,3898,3912,3923,3927,3926,3929,3927,3920,3873,3845,3832,3816,3804,3793,3783,3775,3767,3760,3754,3752,3755,3753,3747,3745,3741,3737,3732,3725,3721,3715,3711,3709,3709,3708,3710,3708,3705,3702,3695,3685,3676,3671,3669,3665,3655,3641,3627,3608,3598,3585,3570,3559,3543,3533,3521,3508,3503,3501,3489,3467,3457,3453,3448,3443,3435,3424,3416,3413,3410,3405,3402,3401,3399,3397,3396,3397,3399,3401,3403,3408,3413,3420,3422,3424,3433,3452,3457,3458,3464,3471,3477,3488,3501,3511,3514,3522,3547,3565,3566,3575,3579,3589,3597,3601,3605,3610,3609,3604,3595,3576,3552,3536,3525,3510,3491,3473,3453,3435,3416,3399,3386,3375,3361,3347,3334,3320,3300,3281,3273,3267,3261,3259,3261,3266,3268,3268,3270,3275,3278,3285,3297,3307,3321,3337,3351,3359,3373,3391,3408,3423,3442,3453,3465,3484,3505,3525,3535,3539,3559,3577,3590,3603,3612,3624,3635,3645,3658,3673,3688,3705,3721,3732,3741,3748,3758,3769,3779,3788,3802,3817,3829,3841,3854,3862,3871,3879,3890,3901,3910,3920,3931,3946,3960,3970,3977,3986,4004,4018,4030,4039,4044,4049,4064,4087,4094,4090,4084,4078,4070,4057
3712,3725,3741,3759,3782,3802,3816,3825,3836,3847,3850,3849,3851,3853,3854,3856,3859,3865,3872,3881,3897,3905,3906,3899,3883,3857,3838,3823,3805,3785,3761,3751,3758,3765,3769,3774,3780,3779,3785,3803,3818,3831,3845,3858,3874,3887,3902,3914,3928,3940,3937,3930,3920,3898,3876,3850,3836,3815,3801,3791,3785,3774,3759,3753,3750,3747,3745,3739,3734,3733,3726,3721,3717,3712,3707,3703,3700,3697,3695,3695,3697,3694,3690,3685,3680,3671,3664,3659,3655,3650,3641,3633,3618,3600,3591,3578,3563,3552,3537,3527,3513,3499,3496,3492,3481,3465,3458,3453,3444,3437,3428,3421,3414,3411,3411,3409,3405,3405,3405,3401,3401,3404,3406,3407,3413,3419,3426,3433,3435,3442,3454,3469,3474,3476,3479,3488,3496,3512,3527,3526,3524,3549,3572,3581,3585,3597,3609,3618,3628,3633,3631,3627,3624,3621,3611,3591,3564,3547,3537,3525,3507,3485,3461,3442,3423,3404,3392,3380,3369,3352,3336,3322,3303,3287,3276,3269,3263,3262,3264,3266,3267,3266,3271,3275,3278,3283,3291,3301,3319,3336,3345,3351,3363,3383,3404,3428,3443,3452,3462,3481,3497,3517,3533,3539,3560,3580,3592,3599,3607,3619,3635,3648,3662,3677,3696,3713,3726,3739,3749,3755,3765,3776,3789,3802,3818,3830,3843,3856,3866,3872,3882,3895,3905,3913,3922,3933,3946,3961,3975,3987,3995,4004,4019,4035,4046,4054,4058,4063,4077,4095,4099,4100,4091,4071,4053,4036
3715,3730,3746,3763,3783,3806,3822,3832,3845,3858,3862,3859,3862,3864,3866,3870,3867,3867,3873,3884,3897,3908,3913,3910,3901,3882,3862,3843,3829,3807,3782,3765,3767,3771,3776,3780,3784,3788,3796,3808,3821,3839,3852,3865,3881,3893,3903,3916,3930,3946,3944,3932,3916,3891,3871,3855,3840,3815,3795,3784,3777,3764,3751,3745,3740,3735,3732,3726,3721,3715,3709,3704,3701,3698,3696,3694,3689,3685,3681,3682,3683,3681,3677,3673,3666,3658,3650,3645,3641,3637,3632,3624,3611,3598,3586,3572,3557,3544,3533,3524,3512,3495,3491,3482,3471,3464,3457,3452,3444,3432,3421,3415,3411,3409,3412,3410,3408,3409,3412,3409,3410,3412,3415,3418,3425,3432,3441,3451,3456,3466,3481,3491,3493,3496,3500,3510,3522,3541,3550,3544,3556,3579,3593,3604,3607,3619,3634,3647,3652,3653,3655,3653,3640,3638,3630,3609,3584,3565,3551,3538,3522,3494,3465,3446,3434,3415,3397,3383,3373,3354,3337,3323,3310,3293,3279,3271,3265,3264,3265,3266,3266,3268,3274,3279,3282,3286,3294,3302,3314,3331,3344,3351,3364,3384,3407,3428,3443,3448,3456,3479,3496,3511,3535,3550,3560,3578,3587,3591,3600,3612,3626,3646,3659,3668,3686,3711,3727,3743,3755,3762,3770,3787,3807,3819,3838,3853,3863,3872,3878,3885,3898,3913,3923,3929,3937,3948,3962,3978,3995,4007,4015,4021,4034,4048,4062,4070,4074,4084,4092,4097,4099,4100,4088,4064,4040,4022
3720,3737,3753,3771,3789,3809,3828,3839,3854,3869,3877,3882,3884,3879,3878,3880,3875,3872,3877,3883,3891,3899,3902,3904,3907,3907,3891,3873,3849,3834,3814,3790,3782,3785,3785,3790,3793,3797,3805,3812,3823,3842,3859,3874,3885,3895,3908,3923,3934,3942,3940,3931,3910,3887,3869,3850,3832,3809,3793,3780,3774,3764,3749,3736,3728,3723,3722,3717,3708,3698,3692,3687,3684,3683,3682,3679,3674,3669,3667,3669,3668,3664,3664,3659,3653,3648,3642,3636,3630,3627,3623,3616,3605,3592,3577,3560,3547,3534,3527,3518,3509,3498,3489,3477,3467,3461,3456,3451,3443,3429,3417,3414,3413,3416,3418,3415,3412,3414,3417,3419,3422,3422,3425,3432,3441,3449,3461,3473,3481,3494,3507,3513,3511,3512,3519,3531,3544,3560,3567,3574,3583,3598,3610,3625,3634,3641,3655,3667,3671,3670,3672,3672,3662,3652,3639,3622,3604,3586,3568,3553,3537,3513,3480,3458,3443,3421,3398,3385,3373,3356,3339,3326,3314,3294,3277,3270,3267,3266,3266,3266,3269,3272,3275,3279,3283,3287,3293,3301,3310,3326,3340,3348,3365,3385,3406,3423,3441,3450,3461,3478,3495,3509,3522,3541,3558,3572,3582,3592,3604,3611,3626,3645,3656,3665,3684,3708,3728,3746,3758,3763,3770,3786,3814,3835,3855,3868,3876,3883,3892,3901,3914,3930,3937,3947,3955,3969,3982,3998,4009,4021,4029,4039,4051,4064,4077,4090,4096,4106,4109,4104,4100,4095,4081,4064,4044,4018
3731,3746,3764,3782,3797,3818,3836,3848,3871,3884,3892,3899,3904,3896,3893,3892,3889,3885,3880,3879,3880,3879,3878,3884,3891,3894,3896,3894,3885,3857,3836,3818,3805,3804,3803,3805,3806,3807,3810,3815,3824,3838,3854,3871,3886,3897,3914,3928,3935,3936,3936,3926,3898,3876,3863,3842,3822,3808,3796,3784,3774,3768,3754,3732,3722,3717,3713,3709,3696,3686,3681,3675,3670,3667,3665,3662,3658,3655,3655,3657,3654,3648,3647,3643,3640,3637,3634,3628,3619,3615,3610,3603,3594,3580,3562,3552,3542,3533,3520,3511,3508,3501,3494,3480,3465,3459,3452,3446,3439,3432,3425,3421,3422,3427,3428,3427,3424,3426,3426,3427,3432,3434,3437,3447,3461,3472,3483,3496,3508,3517,3522,3524,3523,3526,3532,3544,3552,3566,3581,3593,3608,3620,3629,3643,3652,3659,3671,3689,3699,3704,3713,3704,3684,3660,3648,3635,3618,3599,3581,3567,3557,3527,3496,3474,3453,3427,3405,3388,3373,3356,3345,3333,3321,3301,3283,3276,3273,3271,3268,3268,3270,3272,3276,3279,3282,3286,3292,3294,3303,3320,3333,3347,3367,3384,3397,3414,3435,3453,3460,3473,3488,3502,3517,3536,3551,3566,3581,3596,3604,3612,3624,3643,3656,3668,3682,3702,3725,3749,3765,3770,3777,3795,3824,3846,3867,3878,3884,3898,3913,3924,3934,3948,3960,3968,3976,3987,3998,4011,4024,4033,4044,4060,4073,4080,4094,4106,4111,4117,4120,4115,4104,4094,4077,4061,4038,4014
3743,3758,3776,3794,3811,3827,3843,3865,3886,3898,3906,3915,3921,3916,3914,3910,3903,3892,3881,3870,3864,3862,3858,3861,3870,3878,3884,3892,3891,3877,3860,3847,3836,3821,3809,3813,3816,3814,3817,3823,3827,3836,3853,3871,3888,3903,3919,3934,3942,3940,3932,3904,3877,3864,3853,3837,3820,3809,3799,3787,3777,3771,3743,3730,3717,3709,3703,3692,3681,3675,3669,3665,3661,3656,3652,3648,3644,3643,3643,3642,3638,3634,3633,3632,3628,3626,3623,3615,3608,3606,3600,3592,3584,3569,3553,3549,3544,3532,3520,3511,3507,3503,3497,3483,3468,3457,3451,3440,3436,3436,3435,3431,3431,3437,3438,3438,3437,3438,3439,3438,3442,3447,3453,3466,3480,3490,3500,3516,3527,3534,3535,3534,3536,3540,3544,3549,3559,3575,3590,3605,3622,3634,3644,3654,3666,3677,3695,3712,3726,3729,3738,3731,3701,3678,3664,3650,3628,3606,3592,3584,3566,3536,3506,3483,3465,3440,3412,3391,3378,3364,3353,3343,3330,3310,3290,3282,3279,3273,3271,3269,3268,3269,3275,3280,3283,3285,3291,3296,3303,3314,3333,3352,3368,3379,3392,3408,3433,3453,3467,3476,3482,3490,3505,3528,3541,3555,3571,3588,3599,3605,3616,3633,3652,3669,3681,3696,3715,3736,3760,3779,3791,3804,3826,3853,3872,3884,3898,3920,3936,3946,3958,3971,3982,3990,4001,4011,4018,4029,4036,4047,4064,4082,4091,4100,4111,4119,4124,4133,4136,4129,4115,4101,4083,4057,4032,4016
3758,3773,3789,3807,3823,3838,3856,3878,3896,3906,3919,3931,3936,3936,3929,3918,3905,3890,3875,3860,3851,3847,3847,3848,3851,3856,3866,3875,3879,3878,3873,3871,3864,3837,3823,3833,3829,3825,3833,3838,3840,3846,3859,3877,3895,3910,3929,3946,3951,3943,3925,3883,3870,3859,3850,3837,3827,3815,3803,3788,3781,3772,3738,3721,3709,3696,3685,3677,3671,3663,3657,3654,3649,3645,3640,3635,3633,3630,3628,3626,3626,3624,3622,3620,3617,3613,3607,3601,3597,3596,3592,3583,3573,3563,3551,3548,3542,3533,3521,3513,3508,3502,3494,3483,3471,3464,3456,3442,3438,3441,3443,3440,3439,3443,3449,3450,3447,3449,3450,3452,3458,3463,3467,3482,3499,3510,3522,3533,3544,3551,3549,3547,3550,3553,3556,3558,3568,3587,3602,3617,3634,3647,3658,3671,3686,3702,3715,3731,3743,3750,3751,3747,3735,3708,3687,3670,3646,3623,3611,3597,3576,3540,3509,3487,3471,3451,3424,3401,3383,3368,3359,3350,3335,3311,3297,3290,3284,3277,3274,3273,3270,3270,3274,3277,3277,3280,3289,3299,3305,3310,3322,3345,3360,3370,3385,3401,3421,3439,3456,3466,3473,3482,3498,3519,3532,3546,3561,3582,3596,3604,3612,3624,3641,3662,3680,3697,3717,3738,3763,3783,3799,3812,3835,3857,3876,3892,3912,3930,3944,3957,3972,3984,3996,4007,4020,4030,4036,4042,4052,4066,4078,4091,4101,4116,4127,4135,4145,4156,4156,4148,4136,4120,4097,4072,4049,4032
3772,3789,3807,3822,3836,3852,3871,3889,3902,3916,3932,3941,3945,3948,3940,3919,3902,3885,3871,3856,3844,3836,3835,3835,3836,3840,3844,3851,3864,3872,3877,3883,3888,3895,3899,3891,3868,3860,3863,3864,3864,3867,3873,3891,3905,3921,3943,3955,3957,3943,3932,3897,3873,3862,3853,3845,3839,3828,3809,3793,3785,3779,3742,3719,3702,3687,3675,3668,3661,3652,3645,3639,3637,3635,3631,3625,3621,3617,3614,3611,3614,3612,3609,3608,3604,3596,3592,3589,3586,3585,3580,3572,3564,3558,3551,3546,3541,3531,3522,3514,3507,3498,3489,3482,3472,3467,3461,3451,3448,3451,3451,3449,3447,3453,3464,3465,3463,3461,3461,3467,3475,3479,3483,3500,3517,3527,3538,3547,3554,3559,3560,3560,3560,3560,3563,3567,3578,3597,3613,3630,3647,3660,3673,3690,3709,3721,3734,3751,3764,3769,3765,3763,3754,3726,3704,3686,3664,3641,3619,3601,3580,3549,3515,3486,3471,3451,3429,3409,3391,3375,3363,3352,3336,3318,3308,3299,3292,3284,3279,3276,3273,3272,3273,3275,3276,3278,3288,3298,3303,3305,3315,3337,3353,3363,3379,3396,3412,3425,3439,3457,3467,3479,3496,3512,3523,3537,3552,3569,3586,3597,3604,3616,3637,3656,3676,3701,3716,3734,3755,3778,3797,3815,3838,3857,3870,3888,3905,3924,3941,3955,3972,3987,3999,4013,4029,4045,4053,4059,4070,4081,4087,4096,4108,4128,4143,4152,4164,4171,4171,4165,4152,4133,4110,4087,4069,4050
3789,3807,3821,3834,3850,3869,3884,3898,3916,3930,3944,3951,3953,3957,3954,3930,3906,3886,3873,3862,3846,3834,3828,3823,3822,3824,3826,3834,3846,3860,3870,3880,3885,3897,3908,3905,3897,3890,3887,3885,3885,3888,3891,3906,3923,3938,3952,3964,3966,3957,3917,3883,3870,3862,3856,3850,3843,3836,3822,3805,3792,3773,3744,3717,3698,3683,3672,3663,3654,3645,3636,3630,3627,3623,3619,3614,3609,3606,3602,3600,3600,3599,3596,3595,3589,3585,3584,3582,3577,3575,3571,3565,3559,3556,3552,3546,3538,3527,3523,3517,3509,3498,3490,3484,3473,3466,3464,3459,3459,3460,3458,3457,3460,3466,3474,3476,3477,3478,3482,3489,3493,3499,3505,3519,3535,3545,3554,3559,3563,3567,3568,3567,3565,3564,3569,3576,3588,3607,3624,3643,3660,3672,3686,3707,3727,3740,3752,3768,3782,3788,3786,3788,3782,3748,3717,3693,3680,3657,3630,3607,3585,3561,3531,3504,3484,3461,3437,3413,3397,3383,3367,3352,3338,3326,3316,3306,3298,3289,3282,3277,3276,3275,3275,3276,3278,3279,3282,3289,3293,3299,3314,3333,3347,3361,3377,3391,3404,3419,3435,3452,3466,3479,3496,3508,3514,3526,3540,3553,3568,3583,3595,3608,3629,3653,3676,3694,3709,3727,3745,3767,3786,3803,3831,3849,3863,3882,3900,3916,3932,3949,3966,3983,3999,4015,4032,4049,4062,4073,4082,4092,4105,4116,4126,4141,4155,4169,4182,4186,4187,4175,4161,4145,4126,4108,4085,4060
3806,3821,3833,3847,3869,3885,3897,3911,3933,3945,3956,3962,3966,3966,3964,3946,3919,3901,3886,3877,3857,3836,3824,3816,3812,3811,3812,3819,3829,3841,3853,3865,3874,3886,3898,3903,3904,3904,3907,3910,3906,3904,3904,3927,3945,3954,3965,3974,3980,3966,3903,3875,3869,3864,3860,3854,3845,3837,3830,3812,3796,3770,3741,3715,3700,3684,3672,3660,3650,3641,3631,3625,3619,3612,3609,3607,3603,3600,3594,3591,3590,3589,3587,3585,3580,3580,3580,3577,3572,3569,3565,3559,3554,3552,3550,3543,3535,3527,3524,3520,3512,3500,3492,3488,3478,3469,3467,3466,3466,3468,3469,3472,3476,3480,3488,3487,3489,3495,3502,3508,3516,3522,3528,3537,3549,3558,3566,3570,3572,3577,3580,3575,3569,3570,3575,3586,3602,3618,3634,3658,3672,3683,3700,3724,3745,3759,3770,3783,3797,3804,3809,3810,3789,3764,3740,3708,3685,3671,3645,3615,3591,3567,3540,3514,3494,3468,3442,3418,3402,3385,3368,3353,3341,3329,3318,3309,3301,3290,3284,3281,3279,3278,3278,3277,3277,3277,3279,3282,3287,3294,3310,3326,3341,3356,3371,3382,3393,3411,3428,3447,3463,3476,3489,3500,3504,3513,3530,3545,3558,3571,3588,3607,3630,3653,3674,3689,3699,3719,3740,3760,3781,3799,3818,3837,3857,3876,3892,3905,3922,3939,3956,3975,3994,4011,4029,4046,4064,4081,4093,4103,4116,4133,4146,4164,4176,4188,4198,4203,4202,4189,4172,4156,4140,4123,4100,4075
3819,3833,3844,3862,3884,3900,3911,3925,3949,3962,3969,3975,3978,3977,3973,3951,3933,3916,3903,3887,3863,3837,3824,3813,3806,3801,3799,3804,3808,3813,3827,3842,3858,3871,3884,3893,3898,3905,3916,3926,3935,3944,3941,3947,3962,3972,3978,3983,3987,3965,3897,3876,3873,3870,3867,3860,3851,3843,3832,3811,3788,3762,3735,3715,3700,3683,3670,3660,3648,3640,3636,3629,3620,3612,3608,3607,3603,3600,3592,3587,3587,3586,3584,3581,3575,3575,3575,3571,3566,3564,3560,3555,3552,3550,3547,3542,3533,3527,3526,3522,3514,3504,3497,3493,3485,3475,3473,3473,3477,3481,3485,3487,3492,3498,3503,3503,3503,3509,3514,3523,3532,3539,3546,3551,3558,3567,3574,3576,3579,3584,3589,3584,3579,3578,3583,3597,3614,3628,3642,3670,3684,3696,3714,3741,3762,3775,3784,3796,3809,3816,3820,3811,3786,3767,3750,3715,3681,3667,3649,3626,3606,3572,3542,3513,3488,3447,3413,3415,3406,3388,3372,3359,3347,3333,3320,3313,3305,3295,3287,3285,3281,3279,3278,3277,3277,3278,3279,3280,3284,3290,3303,3316,3330,3344,3358,3368,3381,3402,3423,3439,3452,3463,3476,3488,3493,3502,3516,3536,3552,3566,3586,3609,3632,3652,3667,3680,3692,3709,3732,3755,3774,3794,3813,3833,3850,3865,3879,3892,3909,3926,3944,3965,3983,3999,4021,4042,4061,4079,4093,4105,4120,4141,4159,4178,4192,4201,4209,4214,4215,4205,4190,4173,4154,4130,4101,4080
3829,3842,3855,3873,3897,3916,3930,3941,3963,3975,3981,3985,3987,3984,3975,3947,3932,3917,3898,3877,3858,3833,3823,3810,3800,3792,3790,3791,3794,3796,3804,3821,3838,3852,3865,3876,3885,3894,3909,3923,3936,3948,3949,3952,3966,3976,3985,3985,3984,3971,3912,3882,3879,3877,3874,3866,3856,3847,3835,3816,3790,3765,3740,3717,3700,3685,3672,3660,3651,3644,3642,3640,3630,3620,3615,3610,3605,3602,3596,3590,3590,3588,3585,3579,3572,3570,3571,3571,3567,3562,3557,3553,3553,3552,3546,3541,3534,3527,3526,3522,3516,3508,3502,3497,3491,3484,3481,3482,3489,3497,3502,3503,3507,3512,3516,3516,3516,3519,3526,3532,3539,3547,3556,3563,3570,3578,3585,3589,3593,3594,3593,3591,3587,3588,3593,3608,3627,3640,3654,3678,3696,3711,3730,3752,3775,3790,3801,3812,3824,3827,3824,3809,3784,3764,3742,3711,3681,3668,3652,3632,3614,3579,3555,3530,3511,3469,3443,3424,3407,3391,3377,3365,3353,3336,3324,3318,3310,3300,3291,3287,3283,3279,3278,3278,3280,3281,3280,3280,3283,3290,3300,3311,3324,3339,3352,3362,3376,3398,3417,3431,3442,3452,3466,3478,3487,3498,3510,3529,3548,3565,3583,3603,3624,3642,3658,3670,3685,3705,3728,3745,3763,3785,3804,3823,3840,3853,3867,3881,3898,3915,3933,3948,3968,3988,4006,4026,4044,4064,4081,4096,4116,4139,4159,4177,4194,4210,4220,4225,4226,4218,4205,4188,4167,4137,4106,4088
3838,3850,3865,3884,3907,3928,3943,3955,3972,3981,3986,3990,3989,3982,3965,3936,3922,3905,3883,3862,3849,3832,3821,3808,3796,3786,3782,3782,3784,3788,3797,3810,3822,3830,3843,3855,3867,3876,3891,3908,3922,3934,3943,3949,3962,3973,3980,3979,3975,3965,3930,3904,3889,3886,3883,3876,3865,3853,3840,3825,3805,3781,3754,3727,3707,3693,3679,3667,3662,3663,3660,3655,3650,3640,3627,3616,3608,3607,3602,3598,3596,3593,3588,3579,3573,3570,3571,3576,3575,3566,3558,3556,3558,3556,3548,3542,3537,3530,3527,3523,3519,3513,3507,3500,3495,3491,3490,3493,3500,3508,3513,3516,3519,3523,3528,3529,3528,3529,3532,3536,3544,3552,3561,3569,3577,3586,3597,3604,3606,3604,3600,3600,3599,3601,3607,3624,3646,3660,3672,3689,3710,3728,3744,3763,3786,3805,3817,3826,3831,3829,3820,3802,3776,3751,3732,3710,3686,3668,3652,3633,3614,3593,3564,3537,3519,3487,3467,3435,3413,3399,3383,3371,3360,3342,3328,3322,3315,3306,3296,3290,3286,3281,3279,3280,3281,3282,3281,3283,3286,3291,3299,3309,3319,3332,3346,3359,3374,3389,3402,3416,3430,3446,3461,3473,3483,3496,3506,3518,3537,3552,3570,3586,3604,3626,3646,3663,3681,3700,3721,3734,3749,3770,3790,3809,3826,3841,3854,3868,3884,3899,3918,3937,3958,3977,3991,4007,4024,4046,4065,4082,4103,4129,4149,4169,4190,4215,4230,4239,4241,4233,4213,4194,4172,4146,4118,4100
3848,3862,3877,3898,3919,3935,3951,3967,3981,3986,3988,3991,3986,3973,3952,3932,3914,3894,3873,3852,3838,3826,3815,3803,3792,3782,3777,3774,3773,3780,3793,3805,3810,3815,3826,3838,3849,3859,3872,3887,3902,3918,3934,3943,3953,3964,3970,3971,3967,3960,3946,3928,3909,3897,3891,3889,3882,3869,3847,3834,3822,3803,3775,3738,3713,3697,3685,3680,3676,3675,3672,3667,3668,3662,3650,3629,3618,3617,3613,3608,3605,3600,3590,3579,3577,3575,3578,3582,3579,3569,3563,3561,3562,3558,3552,3546,3541,3536,3531,3526,3521,3516,3510,3504,3498,3497,3500,3503,3508,3515,3521,3526,3529,3533,3539,3540,3537,3535,3536,3541,3548,3557,3564,3571,3579,3591,3605,3611,3614,3616,3615,3617,3618,3618,3627,3644,3662,3680,3692,3706,3726,3745,3758,3776,3799,3816,3827,3837,3835,3823,3807,3786,3760,3738,3721,3706,3679,3662,3649,3628,3607,3590,3559,3531,3513,3491,3474,3444,3420,3406,3389,3376,3366,3347,3332,3324,3318,3309,3300,3294,3289,3285,3281,3281,3281,3281,3283,3286,3289,3292,3299,3310,3316,3323,3337,3352,3368,3381,3390,3403,3418,3437,3457,3470,3480,3489,3497,3508,3521,3536,3555,3575,3594,3616,3639,3658,3676,3689,3705,3723,3741,3758,3776,3793,3809,3824,3838,3852,3870,3887,3904,3924,3944,3965,3982,3997,4015,4034,4054,4072,4092,4116,4139,4164,4187,4212,4232,4246,4250,4239,4216,4195,4176,4154,4130,4111
3860,3876,3893,3913,3932,3946,3961,3977,3990,3991,3989,3987,3979,3961,3940,3926,3908,3885,3868,3844,3825,3815,3807,3798,3788,3779,3771,3765,3763,3770,3784,3795,3798,3802,3811,3821,3832,3843,3854,3867,3883,3903,3922,3931,3939,3951,3960,3963,3964,3961,3953,3941,3929,3917,3908,3907,3902,3893,3871,3848,3830,3812,3788,3755,3727,3706,3694,3692,3685,3679,3677,3676,3679,3679,3673,3661,3645,3633,3620,3614,3612,3606,3594,3586,3584,3586,3588,3588,3582,3571,3567,3566,3564,3560,3556,3552,3548,3542,3535,3529,3524,3518,3512,3507,3502,3504,3509,3512,3517,3524,3529,3534,3538,3541,3547,3549,3545,3540,3543,3548,3554,3562,3568,3575,3584,3596,3608,3614,3621,3628,3635,3636,3635,3637,3648,3664,3679,3700,3714,3725,3741,3759,3774,3792,3812,3825,3836,3845,3837,3818,3794,3771,3750,3726,3704,3685,3664,3654,3640,3619,3594,3577,3550,3526,3507,3493,3476,3450,3423,3408,3395,3383,3372,3352,3336,3327,3319,3311,3302,3295,3291,3288,3285,3283,3282,3283,3283,3286,3289,3291,3298,3308,3313,3318,3331,3349,3366,3378,3389,3401,3413,3429,3451,3466,3472,3480,3486,3501,3514,3527,3546,3570,3590,3611,3634,3651,3666,3678,3694,3715,3735,3748,3763,3778,3795,3812,3826,3838,3857,3876,3890,3910,3931,3954,3974,3991,4009,4030,4052,4071,4088,4111,4131,4156,4180,4207,4230,4243,4249,4241,4219,4199,4181,4159,4136,4118
3880,3892,3910,3928,3944,3958,3972,3987,3999,4000,3994,3979,3964,3948,3930,3915,3899,3878,3858,3832,3814,3804,3797,3790,3781,3774,3766,3762,3761,3765,3776,3782,3785,3790,3798,3807,3817,3828,3841,3853,3869,3889,3907,3916,3923,3933,3946,3952,3956,3956,3950,3947,3945,3938,3934,3932,3928,3919,3905,3883,3864,3836,3795,3765,3746,3724,3709,3703,3694,3686,3684,3685,3694,3696,3693,3688,3675,3656,3635,3624,3621,3614,3604,3600,3600,3599,3600,3596,3584,3573,3571,3570,3566,3563,3561,3559,3555,3547,3540,3534,3528,3520,3512,3509,3508,3512,3516,3520,3526,3532,3536,3541,3545,3548,3552,3553,3551,3547,3548,3553,3558,3565,3571,3578,3587,3598,3610,3618,3627,3639,3650,3653,3652,3660,3670,3685,3700,3718,3733,3742,3756,3774,3790,3810,3825,3835,3847,3853,3830,3812,3785,3759,3745,3711,3682,3663,3651,3642,3626,3608,3585,3569,3551,3528,3504,3492,3478,3456,3430,3415,3403,3390,3377,3360,3345,3334,3323,3312,3302,3295,3291,3292,3290,3287,3285,3285,3283,3284,3285,3287,3295,3305,3310,3315,3328,3345,3363,3376,3388,3402,3412,3425,3446,3460,3463,3470,3480,3497,3514,3527,3541,3559,3585,3609,3628,3644,3662,3675,3692,3710,3725,3736,3748,3763,3783,3800,3813,3827,3845,3866,3883,3903,3926,3947,3965,3984,4006,4034,4056,4071,4086,4110,4128,4151,4175,4198,4218,4233,4241,4239,4224,4209,4189,4164,4142,4126
3898,3910,3925,3940,3955,3967,3982,3997,4011,4012,4002,3969,3946,3936,3921,3903,3891,3869,3845,3817,3801,3791,3784,3777,3772,3766,3761,3760,3762,3765,3770,3772,3773,3779,3788,3795,3804,3814,3830,3846,3859,3875,3890,3899,3908,3916,3927,3934,3940,3945,3949,3956,3960,3956,3954,3950,3946,3936,3924,3909,3895,3869,3821,3781,3763,3747,3730,3718,3707,3703,3707,3708,3712,3711,3706,3700,3690,3676,3659,3646,3638,3637,3633,3628,3625,3626,3622,3616,3590,3576,3576,3574,3570,3568,3567,3564,3559,3551,3544,3539,3532,3523,3516,3514,3514,3518,3522,3527,3534,3537,3542,3546,3550,3553,3555,3557,3556,3554,3556,3558,3562,3568,3575,3582,3589,3599,3612,3622,3629,3643,3654,3662,3667,3678,3690,3704,3719,3737,3749,3758,3775,3793,3810,3828,3838,3847,3859,3861,3818,3798,3768,3751,3735,3691,3668,3657,3647,3633,3616,3601,3583,3572,3560,3541,3512,3505,3481,3466,3447,3430,3411,3397,3384,3369,3355,3343,3328,3314,3304,3298,3295,3295,3294,3290,3288,3285,3284,3284,3284,3285,3291,3301,3308,3314,3325,3339,3354,3368,3383,3399,3412,3425,3440,3454,3458,3465,3477,3494,3511,3527,3537,3551,3575,3601,3620,3638,3659,3674,3689,3701,3713,3725,3737,3749,3769,3788,3802,3817,3836,3862,3882,3900,3921,3941,3963,3985,4008,4036,4056,4070,4084,4111,4132,4152,4174,4189,4204,4218,4225,4226,4223,4216,4200,4176,4157,4140
3913,3925,3936,3949,3964,3980,3997,4010,4018,4016,4004,3954,3930,3925,3912,3896,3880,3856,3828,3801,3785,3776,3770,3765,3760,3756,3754,3756,3760,3763,3764,3762,3763,3769,3776,3782,3790,3801,3819,3835,3845,3857,3870,3883,3893,3901,3909,3916,3926,3940,3955,3967,3973,3969,3966,3957,3948,3938,3923,3910,3898,3882,3851,3811,3785,3768,3751,3735,3724,3726,3731,3730,3727,3723,3718,3711,3700,3689,3678,3669,3661,3665,3664,3659,3661,3662,3652,3642,3612,3588,3584,3579,3574,3572,3569,3565,3561,3554,3547,3541,3535,3527,3523,3521,3521,3523,3527,3533,3538,3541,3546,3551,3555,3557,3558,3559,3560,3561,3563,3564,3567,3573,3580,3587,3592,3599,3612,3623,3631,3642,3653,3662,3673,3686,3701,3718,3736,3753,3767,3781,3796,3815,3829,3844,3855,3865,3877,3876,3816,3793,3767,3747,3721,3680,3667,3660,3648,3631,3616,3604,3591,3582,3570,3557,3534,3528,3493,3473,3461,3444,3420,3405,3393,3376,3360,3347,3334,3322,3311,3306,3303,3301,3297,3294,3291,3287,3286,3287,3286,3285,3288,3296,3305,3313,3322,3335,3348,3362,3379,3397,3410,3421,3432,3446,3455,3464,3476,3491,3505,3522,3538,3553,3565,3580,3603,3631,3649,3665,3679,3689,3703,3718,3729,3738,3759,3780,3795,3811,3833,3859,3882,3899,3919,3942,3969,3991,4009,4034,4057,4074,4088,4112,4132,4152,4169,4181,4192,4200,4204,4206,4210,4212,4204,4190,4175,4157
3926,3938,3945,3959,3976,3997,4014,4021,4020,4014,3997,3940,3919,3916,3906,3890,3866,3841,3812,3786,3772,3764,3761,3757,3752,3747,3746,3748,3753,3756,3755,3752,3753,3758,3763,3769,3778,3791,3806,3819,3828,3839,3852,3865,3875,3884,3895,3905,3917,3937,3961,3975,3980,3975,3970,3958,3945,3931,3914,3903,3893,3881,3859,3830,3806,3787,3770,3753,3744,3744,3743,3741,3740,3735,3729,3722,3714,3703,3693,3688,3684,3686,3686,3684,3690,3686,3674,3656,3636,3608,3595,3586,3579,3574,3570,3565,3562,3556,3549,3542,3536,3531,3529,3528,3526,3527,3531,3535,3539,3544,3549,3554,3559,3561,3562,3563,3564,3565,3568,3570,3574,3580,3587,3591,3593,3599,3610,3623,3632,3642,3652,3663,3673,3687,3704,3728,3747,3762,3778,3796,3810,3826,3839,3855,3868,3876,3876,3865,3814,3794,3774,3748,3717,3688,3676,3667,3651,3635,3624,3615,3604,3592,3576,3564,3552,3541,3511,3480,3467,3451,3430,3414,3401,3383,3364,3352,3341,3330,3319,3313,3311,3307,3301,3298,3296,3293,3291,3290,3289,3286,3286,3294,3302,3310,3320,3332,3344,3356,3372,3389,3403,3414,3423,3437,3451,3460,3474,3490,3502,3519,3539,3555,3562,3565,3586,3619,3638,3654,3670,3683,3697,3713,3722,3731,3751,3775,3793,3812,3836,3859,3883,3905,3927,3949,3974,3994,4010,4034,4060,4078,4093,4111,4126,4144,4157,4169,4177,4181,4183,4186,4191,4195,4195,4193,4185,4172
3936,3948,3955,3971,3994,4014,4025,4025,4019,4005,3983,3940,3916,3910,3902,3882,3853,3828,3804,3779,3766,3760,3757,3753,3748,3741,3737,3738,3742,3745,3744,3743,3743,3748,3752,3758,3767,3778,3792,3803,3813,3826,3839,3849,3857,3867,3880,3895,3912,3939,3963,3977,3981,3975,3964,3951,3936,3921,3905,3893,3885,3876,3858,3828,3812,3800,3784,3771,3763,3757,3753,3752,3751,3745,3736,3730,3726,3718,3710,3707,3705,3706,3705,3701,3701,3697,3683,3665,3646,3627,3604,3593,3584,3578,3574,3568,3562,3557,3551,3543,3536,3532,3532,3531,3530,3531,3535,3538,3542,3546,3551,3556,3562,3566,3568,3569,3570,3570,3573,3577,3581,3588,3593,3594,3595,3599,3611,3623,3632,3641,3650,3662,3674,3688,3705,3730,3745,3761,3779,3797,3812,3825,3840,3857,3868,3869,3853,3831,3809,3790,3770,3751,3727,3706,3689,3677,3658,3644,3636,3628,3618,3599,3580,3567,3557,3544,3523,3494,3478,3460,3444,3426,3409,3392,3375,3361,3350,3338,3326,3319,3315,3310,3306,3303,3301,3300,3296,3292,3290,3287,3288,3293,3299,3307,3316,3327,3336,3346,3360,3379,3396,3410,3420,3432,3445,3455,3469,3486,3500,3515,3534,3556,3564,3568,3585,3612,3631,3647,3667,3684,3696,3707,3715,3726,3746,3774,3794,3811,3834,3864,3891,3914,3937,3953,3972,3992,4012,4036,4059,4076,4089,4104,4117,4129,4140,4152,4159,4160,4161,4165,4169,4172,4178,4182,4184,4182
3944,3959,3969,3988,4011,4025,4028,4026,4010,3987,3966,3948,3920,3909,3898,3874,3845,3819,3800,3779,3764,3757,3754,3751,3745,3734,3729,3729,3731,3734,3734,3733,3733,3737,3743,3750,3757,3765,3778,3792,3803,3815,3830,3839,3848,3858,3866,3880,3908,3944,3965,3975,3978,3970,3957,3940,3923,3909,3895,3882,3874,3867,3853,3825,3809,3799,3787,3780,3774,3766,3764,3763,3761,3754,3745,3737,3734,3731,3725,3721,3720,3719,3712,3706,3704,3699,3686,3673,3656,3634,3608,3597,3588,3582,3577,3571,3562,3556,3551,3543,3537,3532,3532,3532,3534,3535,3540,3543,3545,3548,3552,3558,3565,3571,3574,3575,3575,3576,3580,3583,3588,3596,3599,3598,3598,3603,3614,3625,3634,3641,3648,3659,3672,3685,3700,3720,3733,3750,3771,3788,3802,3816,3832,3852,3863,3863,3850,3832,3816,3799,3778,3758,3742,3724,3704,3685,3667,3657,3649,3641,3628,3607,3586,3572,3560,3548,3532,3515,3497,3476,3462,3443,3420,3401,3386,3372,3360,3347,3335,3326,3320,3314,3309,3307,3306,3306,3299,3293,3292,3291,3291,3293,3300,3307,3312,3321,3331,3340,3353,3372,3391,3407,3418,3429,3440,3452,3463,3478,3493,3509,3527,3550,3564,3576,3592,3615,3630,3643,3664,3683,3694,3703,3712,3723,3744,3770,3794,3809,3834,3875,3900,3914,3937,3958,3972,3990,4012,4035,4053,4068,4079,4091,4101,4109,4118,4129,4136,4139,4142,4145,4148,4152,4159,4166,4172,4179
3954,3975,3989,4008,4020,4029,4031,4023,3998,3971,3955,3949,3921,3905,3891,3872,3842,3815,3795,3775,3760,3752,3750,3747,3739,3726,3721,3719,3720,3723,3725,3724,3724,3727,3735,3744,3750,3760,3774,3787,3794,3805,3820,3832,3840,3848,3858,3869,3900,3943,3965,3971,3970,3960,3950,3929,3908,3893,3880,3867,3861,3856,3843,3819,3803,3795,3785,3777,3773,3769,3770,3769,3764,3758,3748,3741,3741,3740,3733,3727,3726,3722,3713,3707,3703,3697,3688,3676,3661,3634,3610,3600,3591,3583,3577,3570,3561,3554,3550,3544,3539,3532,3531,3533,3537,3539,3544,3546,3547,3548,3552,3561,3569,3574,3577,3577,3577,3581,3587,3590,3595,3600,3603,3603,3604,3610,3619,3628,3637,3644,3649,3658,3668,3679,3692,3705,3715,3732,3751,3766,3779,3797,3814,3835,3853,3858,3851,3838,3825,3812,3792,3772,3754,3742,3726,3702,3683,3674,3665,3654,3635,3614,3595,3580,3565,3552,3541,3530,3514,3493,3479,3462,3433,3406,3391,3378,3367,3354,3344,3335,3329,3321,3314,3311,3310,3308,3301,3295,3294,3294,3292,3294,3303,3309,3313,3320,3329,3338,3350,3368,3385,3402,3414,3424,3435,3448,3461,3474,3487,3506,3523,3537,3556,3576,3594,3614,3630,3639,3657,3675,3691,3701,3709,3720,3739,3765,3794,3812,3843,3885,3900,3908,3933,3962,3974,3993,4012,4031,4046,4058,4064,4072,4081,4087,4095,4104,4111,4117,4122,4126,4130,4136,4143,4151,4159,4167
3969,3990,4005,4019,4027,4032,4028,4012,3987,3962,3947,3940,3913,3894,3879,3865,3839,3815,3789,3767,3752,3746,3745,3743,3734,3719,3713,3710,3710,3714,3716,3718,3719,3722,3734,3741,3746,3758,3776,3786,3791,3797,3814,3826,3831,3836,3852,3862,3899,3946,3961,3965,3960,3950,3944,3919,3895,3877,3864,3852,3848,3844,3830,3808,3797,3790,3783,3777,3772,3769,3769,3768,3763,3757,3749,3745,3747,3746,3736,3728,3727,3724,3715,3709,3705,3696,3688,3678,3661,3637,3617,3605,3593,3583,3575,3568,3561,3554,3549,3545,3541,3535,3532,3533,3538,3540,3545,3546,3547,3549,3555,3565,3573,3577,3578,3578,3579,3582,3588,3593,3598,3603,3607,3607,3612,3617,3624,3633,3640,3646,3653,3659,3664,3673,3682,3693,3703,3716,3728,3744,3760,3779,3795,3814,3835,3846,3851,3851,3843,3828,3810,3791,3769,3758,3747,3733,3710,3694,3681,3663,3641,3621,3606,3588,3570,3557,3551,3542,3526,3507,3494,3476,3448,3415,3398,3384,3373,3361,3351,3344,3335,3327,3318,3314,3311,3308,3302,3297,3294,3291,3290,3295,3304,3313,3317,3321,3328,3336,3347,3365,3379,3393,3408,3421,3432,3446,3460,3472,3482,3501,3516,3528,3547,3573,3591,3604,3620,3634,3649,3667,3688,3698,3707,3718,3740,3772,3797,3815,3839,3875,3895,3910,3931,3959,3976,3991,4009,4027,4037,4043,4047,4056,4065,4070,4076,4082,4088,4094,4100,4105,4111,4117,4124,4134,4145,4154
3984,4002,4016,4024,4030,4031,4013,3993,3975,3952,3935,3921,3901,3882,3870,3857,3839,3814,3785,3758,3745,3741,3741,3740,3733,3717,3708,3703,3705,3707,3710,3715,3720,3725,3733,3739,3745,3760,3776,3785,3788,3792,3809,3824,3831,3837,3855,3863,3895,3935,3955,3957,3948,3937,3934,3898,3881,3869,3854,3844,3839,3830,3815,3801,3791,3786,3781,3778,3772,3767,3768,3767,3762,3757,3752,3749,3749,3746,3735,3727,3727,3724,3717,3709,3702,3694,3687,3678,3661,3641,3627,3612,3595,3585,3578,3569,3562,3555,3551,3548,3544,3536,3533,3533,3535,3538,3542,3545,3548,3551,3558,3568,3574,3579,3580,3580,3583,3586,3591,3595,3601,3606,3610,3612,3617,3623,3630,3638,3643,3650,3654,3659,3663,3668,3676,3683,3690,3700,3711,3726,3747,3765,3782,3798,3815,3836,3852,3861,3858,3847,3832,3814,3791,3774,3763,3751,3728,3710,3692,3672,3652,3632,3613,3594,3576,3569,3564,3552,3537,3523,3509,3489,3465,3434,3413,3395,3382,3370,3361,3351,3341,3332,3323,3318,3314,3310,3305,3298,3292,3289,3290,3296,3305,3311,3316,3320,3326,3336,3346,3359,3370,3382,3400,3419,3433,3445,3458,3468,3478,3493,3509,3521,3545,3571,3585,3601,3615,3627,3643,3659,3677,3691,3703,3717,3742,3771,3795,3811,3834,3858,3881,3903,3925,3949,3967,3980,3999,4018,4024,4026,4030,4041,4050,4054,4058,4061,4067,4074,4080,4085,4088,4093,4100,4111,4125,4136
3997,4014,4026,4029,4029,4027,4004,3986,3967,3943,3926,3911,3893,3874,3858,3843,3827,3811,3785,3752,3738,3739,3739,3737,3731,3716,3705,3701,3703,3706,3708,3713,3719,3725,3729,3735,3746,3761,3775,3783,3783,3788,3803,3823,3836,3860,3884,3892,3914,3932,3948,3949,3939,3927,3913,3879,3875,3865,3851,3839,3831,3818,3805,3795,3787,3782,3779,3777,3773,3769,3768,3766,3760,3757,3755,3753,3750,3744,3732,3726,3724,3721,3715,3705,3696,3692,3686,3677,3665,3647,3633,3618,3602,3589,3582,3572,3563,3553,3551,3549,3545,3539,3535,3534,3533,3536,3542,3546,3550,3553,3560,3571,3579,3585,3586,3587,3589,3593,3595,3599,3605,3610,3613,3617,3621,3626,3632,3637,3642,3649,3654,3659,3663,3665,3670,3677,3681,3687,3697,3713,3735,3754,3769,3788,3804,3825,3848,3861,3864,3857,3847,3830,3811,3797,3782,3760,3735,3715,3700,3688,3669,3646,3621,3600,3587,3579,3571,3558,3542,3527,3517,3498,3472,3445,3427,3410,3392,3381,3371,3357,3347,3338,3330,3323,3317,3313,3308,3302,3294,3290,3293,3299,3304,3307,3311,3316,3324,3333,3342,3353,3363,3375,3392,3414,3430,3442,3454,3466,3478,3492,3505,3517,3538,3566,3585,3601,3615,3626,3639,3653,3671,3685,3700,3713,3733,3759,3780,3798,3823,3849,3870,3892,3919,3939,3954,3969,3985,3997,4003,4007,4013,4024,4031,4035,4039,4044,4050,4059,4064,4063,4064,4072,4080,4091,4104,4115
4008,4027,4036,4035,4035,4022,4008,3996,3964,3936,3924,3910,3891,3867,3846,3829,3814,3801,3774,3745,3735,3736,3736,3734,3725,3713,3704,3700,3702,3705,3708,3712,3718,3722,3727,3735,3745,3757,3773,3780,3779,3782,3796,3818,3844,3869,3889,3908,3918,3927,3939,3940,3932,3918,3904,3882,3873,3862,3846,3830,3823,3810,3797,3788,3782,3779,3778,3775,3773,3771,3769,3765,3758,3756,3756,3756,3751,3746,3733,3726,3724,3720,3713,3701,3694,3688,3681,3674,3665,3653,3639,3622,3608,3597,3585,3573,3563,3553,3549,3547,3546,3543,3539,3536,3534,3537,3543,3549,3553,3556,3565,3576,3585,3591,3592,3590,3592,3596,3599,3602,3609,3615,3618,3621,3624,3626,3632,3636,3638,3644,3651,3659,3660,3661,3665,3671,3676,3681,3687,3699,3725,3744,3760,3779,3793,3815,3840,3857,3869,3870,3865,3851,3830,3813,3795,3772,3748,3724,3708,3696,3680,3655,3631,3615,3600,3587,3577,3564,3548,3533,3519,3500,3480,3458,3444,3431,3415,3400,3383,3365,3352,3343,3334,3328,3322,3316,3312,3307,3297,3292,3295,3299,3304,3307,3310,3316,3323,3329,3338,3350,3360,3371,3388,3406,3424,3438,3448,3463,3476,3488,3501,3516,3533,3556,3578,3595,3611,3623,3635,3649,3666,3679,3695,3709,3728,3751,3773,3793,3818,3844,3866,3885,3907,3928,3942,3955,3970,3979,3983,3989,3996,4006,4012,4017,4020,4025,4035,4044,4046,4043,4043,4052,4063,4073,4085,4097
4023,4035,4041,4045,4037,4020,4010,3996,3960,3940,3923,3909,3886,3859,3834,3822,3804,3779,3755,3739,3733,3731,3729,3724,3714,3704,3696,3695,3697,3699,3702,3707,3714,3719,3724,3732,3740,3753,3766,3772,3773,3775,3791,3815,3837,3856,3875,3896,3914,3923,3931,3932,3924,3911,3898,3881,3871,3858,3836,3827,3820,3806,3792,3782,3778,3776,3774,3772,3772,3773,3771,3763,3757,3755,3756,3753,3749,3747,3741,3733,3730,3724,3714,3701,3694,3688,3676,3666,3659,3653,3643,3628,3614,3604,3590,3575,3565,3552,3546,3544,3544,3543,3539,3537,3537,3540,3546,3549,3552,3560,3571,3581,3588,3594,3594,3591,3592,3595,3600,3605,3615,3623,3624,3627,3629,3628,3633,3636,3636,3640,3646,3653,3655,3657,3661,3670,3675,3678,3680,3692,3710,3728,3748,3767,3784,3806,3832,3855,3871,3876,3875,3867,3844,3822,3802,3780,3755,3734,3717,3700,3679,3659,3644,3630,3615,3595,3584,3569,3556,3544,3528,3508,3495,3481,3464,3450,3439,3421,3404,3381,3365,3351,3339,3332,3327,3318,3313,3309,3299,3293,3292,3298,3304,3309,3313,3319,3324,3329,3338,3348,3357,3366,3382,3405,3422,3436,3445,3458,3467,3479,3494,3507,3520,3541,3564,3584,3602,3615,3628,3648,3660,3671,3685,3700,3723,3747,3771,3793,3815,3838,3857,3872,3895,3916,3925,3938,3952,3959,3963,3970,3980,3991,3996,3999,4001,4005,4016,4027,4028,4024,4025,4035,4047,4056,4067,4075
4025,4032,4038,4040,4032,4018,4007,3988,3959,3943,3920,3905,3881,3852,3823,3812,3796,3765,3744,3736,3730,3726,3720,3713,3704,3695,3689,3688,3690,3692,3694,3699,3706,3714,3720,3726,3735,3747,3759,3763,3765,3768,3784,3810,3834,3849,3861,3880,3898,3915,3925,3924,3916,3907,3895,3879,3868,3853,3839,3830,3821,3805,3789,3779,3776,3774,3773,3772,3774,3775,3770,3762,3759,3759,3755,3752,3748,3747,3747,3744,3736,3725,3718,3705,3692,3682,3670,3662,3657,3651,3644,3633,3621,3608,3593,3578,3566,3551,3544,3540,3540,3540,3537,3536,3538,3541,3547,3550,3555,3570,3581,3587,3591,3595,3596,3591,3590,3595,3602,3609,3620,3629,3634,3638,3635,3632,3632,3634,3634,3635,3639,3643,3649,3654,3658,3665,3673,3674,3678,3689,3706,3722,3738,3753,3771,3795,3823,3851,3870,3877,3881,3871,3850,3831,3812,3788,3760,3739,3724,3707,3686,3668,3654,3642,3630,3609,3591,3574,3567,3560,3542,3521,3511,3505,3495,3476,3460,3441,3423,3403,3380,3360,3343,3337,3332,3322,3315,3310,3300,3291,3291,3297,3304,3311,3316,3321,3325,3330,3337,3346,3355,3368,3382,3403,3422,3434,3444,3453,3461,3473,3486,3497,3509,3527,3551,3573,3590,3602,3620,3639,3655,3661,3675,3694,3713,3736,3768,3789,3808,3827,3846,3862,3879,3895,3908,3921,3934,3943,3946,3952,3964,3975,3980,3982,3981,3984,3996,4005,4007,4006,4007,4019,4030,4038,4048,4054
4018,4023,4026,4025,4018,4009,3996,3977,3953,3937,3914,3898,3871,3838,3816,3801,3779,3751,3734,3729,3725,3720,3711,3704,3697,3689,3685,3682,3684,3686,3687,3692,3698,3704,3712,3719,3728,3738,3750,3755,3756,3760,3780,3802,3824,3842,3852,3866,3890,3911,3922,3920,3913,3904,3890,3873,3861,3849,3841,3833,3824,3805,3789,3779,3776,3774,3773,3774,3775,3775,3768,3761,3761,3763,3759,3756,3755,3752,3751,3750,3738,3726,3719,3706,3690,3673,3662,3660,3656,3647,3638,3634,3625,3607,3592,3577,3565,3551,3541,3536,3537,3539,3535,3534,3537,3541,3550,3554,3560,3574,3584,3589,3592,3596,3595,3592,3591,3594,3604,3613,3623,3633,3642,3645,3642,3636,3632,3632,3633,3634,3637,3645,3652,3656,3657,3659,3667,3673,3679,3692,3709,3722,3737,3754,3768,3792,3818,3835,3857,3876,3887,3882,3862,3841,3819,3794,3766,3748,3732,3716,3691,3675,3659,3645,3632,3615,3603,3592,3584,3571,3554,3541,3529,3515,3506,3494,3475,3449,3431,3413,3391,3371,3352,3343,3335,3325,3315,3310,3301,3293,3294,3300,3306,3311,3314,3320,3324,3328,3334,3342,3351,3366,3383,3399,3413,3427,3437,3447,3454,3467,3482,3492,3506,3522,3541,3561,3581,3597,3615,3633,3646,3657,3671,3686,3707,3721,3744,3775,3799,3817,3833,3848,3862,3877,3893,3907,3919,3925,3931,3939,3949,3960,3964,3963,3964,3968,3978,3983,3984,3984,3989,3999,4010,4020,4029,4037
4005,4009,4009,4008,4004,3995,3985,3969,3938,3923,3906,3886,3859,3832,3815,3794,3766,3739,3724,3718,3719,3714,3705,3696,3687,3682,3680,3678,3677,3678,3681,3686,3691,3697,3706,3713,3719,3729,3739,3745,3748,3755,3774,3794,3811,3838,3850,3861,3893,3919,3926,3922,3912,3902,3883,3866,3854,3845,3836,3828,3822,3807,3795,3783,3777,3774,3776,3779,3778,3775,3770,3761,3762,3766,3763,3761,3761,3758,3755,3751,3742,3729,3716,3699,3689,3676,3665,3661,3655,3644,3636,3631,3616,3605,3591,3577,3566,3552,3541,3535,3536,3538,3536,3535,3539,3542,3554,3559,3565,3575,3585,3592,3597,3597,3594,3592,3591,3594,3605,3616,3626,3635,3646,3653,3649,3644,3635,3633,3634,3638,3643,3650,3655,3658,3659,3660,3669,3676,3682,3695,3709,3719,3734,3750,3768,3790,3808,3830,3853,3875,3890,3886,3867,3847,3825,3797,3775,3762,3745,3723,3705,3685,3668,3653,3639,3624,3615,3610,3605,3591,3575,3557,3539,3525,3515,3505,3486,3456,3435,3420,3400,3378,3360,3347,3337,3328,3318,3312,3304,3297,3298,3301,3304,3306,3309,3317,3323,3326,3332,3338,3345,3361,3380,3396,3407,3417,3426,3438,3449,3462,3477,3487,3506,3529,3548,3565,3581,3594,3610,3630,3645,3656,3668,3681,3695,3710,3730,3759,3784,3805,3819,3833,3848,3864,3878,3891,3899,3906,3912,3924,3934,3944,3947,3947,3944,3948,3955,3958,3961,3964,3971,3980,3990,4001,4012,4023
3992,3993,3993,3991,3993,3988,3980,3958,3925,3915,3902,3879,3854,3823,3806,3784,3755,3731,3719,3710,3710,3704,3694,3681,3672,3670,3668,3671,3674,3676,3677,3681,3687,3695,3702,3706,3711,3717,3728,3736,3740,3752,3772,3786,3804,3816,3828,3850,3890,3924,3938,3924,3911,3896,3880,3866,3855,3844,3833,3823,3822,3813,3801,3790,3781,3776,3777,3782,3781,3777,3768,3762,3764,3768,3768,3766,3765,3765,3764,3758,3750,3731,3713,3697,3690,3681,3669,3662,3657,3651,3642,3629,3617,3604,3593,3580,3569,3557,3547,3540,3538,3539,3542,3547,3550,3557,3562,3568,3576,3583,3589,3597,3602,3601,3596,3592,3592,3596,3607,3620,3631,3640,3652,3661,3658,3653,3643,3638,3643,3648,3652,3653,3654,3656,3663,3673,3678,3679,3684,3697,3711,3723,3736,3751,3772,3793,3811,3832,3852,3874,3890,3887,3872,3854,3834,3811,3792,3776,3751,3730,3713,3693,3674,3664,3656,3647,3631,3622,3615,3605,3593,3576,3557,3536,3525,3513,3494,3464,3437,3427,3410,3386,3360,3348,3340,3334,3324,3318,3310,3301,3295,3297,3301,3302,3304,3311,3320,3326,3332,3338,3346,3356,3375,3397,3405,3413,3420,3434,3450,3462,3469,3480,3503,3527,3541,3554,3570,3589,3605,3619,3640,3653,3663,3674,3688,3702,3723,3748,3771,3790,3805,3819,3836,3855,3866,3873,3879,3886,3896,3910,3918,3923,3930,3933,3928,3929,3935,3939,3943,3948,3954,3963,3972,3984,3995,3999
3981,3980,3980,3980,3981,3980,3972,3949,3918,3904,3891,3874,3848,3816,3794,3774,3742,3721,3712,3706,3701,3693,3684,3675,3666,3664,3666,3671,3675,3676,3676,3677,3683,3688,3695,3701,3702,3706,3715,3725,3737,3749,3770,3786,3794,3810,3871,3888,3903,3930,3938,3930,3916,3901,3883,3867,3853,3843,3832,3824,3821,3813,3804,3794,3788,3782,3781,3780,3781,3776,3770,3767,3768,3772,3774,3773,3770,3770,3771,3767,3752,3734,3717,3700,3691,3680,3667,3661,3658,3653,3645,3635,3622,3611,3594,3580,3569,3558,3550,3546,3542,3543,3549,3555,3562,3566,3572,3579,3587,3593,3598,3603,3607,3605,3599,3593,3593,3599,3608,3622,3636,3647,3658,3667,3668,3667,3659,3653,3657,3661,3662,3662,3663,3666,3672,3684,3692,3690,3693,3704,3717,3726,3740,3757,3774,3792,3811,3834,3856,3885,3903,3899,3881,3860,3841,3825,3807,3788,3762,3740,3726,3707,3690,3680,3677,3663,3650,3636,3626,3614,3600,3585,3566,3547,3530,3515,3495,3469,3448,3433,3415,3390,3370,3353,3344,3338,3329,3322,3313,3302,3295,3296,3299,3301,3302,3308,3320,3328,3333,3337,3343,3351,3370,3393,3403,3410,3418,3429,3444,3459,3467,3476,3488,3507,3528,3547,3566,3585,3600,3614,3629,3643,3656,3667,3682,3696,3712,3735,3760,3774,3788,3806,3822,3837,3851,3858,3863,3869,3875,3885,3895,3903,3906,3908,3908,3910,3913,3919,3926,3932,3936,3941,3950,3963,3969,3975
3964,3965,3966,3967,3968,3967,3957,3937,3913,3894,3877,3866,3842,3813,3795,3769,3726,3710,3703,3700,3697,3690,3683,3676,3670,3667,3668,3668,3668,3674,3672,3676,3678,3683,3692,3697,3696,3701,3713,3724,3733,3748,3771,3788,3799,3841,3879,3894,3914,3936,3940,3935,3923,3906,3886,3866,3852,3841,3831,3824,3818,3811,3803,3795,3792,3790,3785,3778,3777,3782,3783,3777,3775,3777,3779,3779,3777,3777,3779,3776,3754,3737,3721,3705,3693,3679,3667,3663,3655,3648,3642,3634,3623,3606,3593,3581,3570,3558,3550,3549,3550,3548,3555,3562,3568,3574,3579,3589,3597,3600,3604,3610,3612,3609,3600,3592,3593,3600,3610,3624,3639,3651,3666,3676,3682,3684,3682,3672,3671,3676,3677,3674,3674,3677,3685,3694,3703,3708,3711,3718,3729,3736,3750,3763,3776,3792,3813,3833,3860,3889,3912,3906,3886,3866,3849,3834,3822,3807,3786,3763,3745,3730,3714,3701,3694,3678,3663,3649,3638,3622,3604,3585,3569,3550,3532,3516,3499,3482,3460,3439,3417,3391,3375,3363,3350,3338,3328,3319,3309,3300,3298,3299,3299,3300,3301,3308,3317,3326,3331,3336,3342,3350,3362,3384,3398,3406,3415,3427,3441,3455,3468,3477,3486,3501,3524,3548,3564,3577,3592,3604,3618,3631,3645,3659,3677,3693,3709,3727,3746,3761,3774,3790,3807,3822,3833,3842,3848,3852,3857,3864,3873,3882,3886,3883,3883,3888,3893,3901,3910,3910,3914,3923,3935,3944,3951,3957
3950,3953,3955,3953,3952,3953,3945,3928,3912,3893,3872,3861,3836,3812,3800,3767,3713,3698,3694,3694,3692,3686,3681,3676,3671,3668,3666,3663,3662,3665,3667,3671,3674,3682,3691,3694,3692,3698,3711,3719,3725,3738,3766,3806,3832,3853,3870,3884,3907,3932,3945,3940,3926,3910,3891,3869,3854,3842,3831,3823,3818,3809,3801,3792,3789,3791,3790,3783,3784,3791,3795,3792,3784,3784,3783,3787,3790,3791,3788,3778,3751,3734,3721,3709,3701,3684,3673,3665,3651,3639,3637,3628,3613,3599,3587,3579,3572,3563,3555,3555,3557,3556,3562,3570,3578,3585,3592,3601,3605,3604,3609,3614,3614,3611,3601,3597,3599,3606,3616,3630,3645,3659,3674,3686,3696,3700,3702,3695,3693,3694,3694,3685,3687,3693,3698,3703,3709,3717,3721,3726,3739,3747,3759,3772,3782,3795,3817,3839,3861,3884,3898,3899,3886,3873,3858,3845,3829,3810,3790,3772,3759,3745,3725,3709,3698,3682,3666,3652,3639,3623,3603,3581,3564,3548,3531,3514,3502,3490,3468,3444,3421,3397,3378,3369,3356,3342,3326,3315,3306,3301,3302,3302,3303,3302,3303,3308,3315,3324,3331,3337,3343,3350,3362,3384,3397,3406,3417,3429,3438,3450,3464,3477,3489,3502,3520,3540,3558,3570,3584,3597,3613,3627,3642,3653,3666,3682,3699,3715,3731,3744,3761,3776,3790,3806,3817,3825,3830,3835,3840,3846,3853,3858,3860,3863,3864,3865,3870,3880,3886,3886,3890,3902,3917,3929,3937,3942
3937,3940,3941,3940,3937,3937,3933,3921,3905,3885,3870,3855,3828,3809,3794,3760,3708,3692,3688,3687,3685,3682,3679,3675,3669,3664,3662,3660,3658,3659,3662,3666,3671,3681,3690,3691,3691,3695,3706,3714,3719,3733,3776,3806,3824,3846,3868,3890,3907,3926,3949,3949,3936,3915,3898,3881,3865,3849,3830,3822,3817,3810,3800,3790,3788,3792,3794,3791,3792,3797,3804,3805,3798,3795,3797,3805,3814,3810,3796,3773,3744,3730,3724,3718,3709,3695,3679,3665,3648,3636,3632,3621,3608,3595,3585,3578,3574,3568,3560,3559,3560,3562,3567,3579,3588,3595,3603,3610,3614,3613,3614,3616,3616,3612,3604,3606,3609,3614,3625,3642,3656,3668,3680,3695,3708,3716,3717,3716,3713,3713,3710,3705,3709,3713,3714,3715,3718,3724,3725,3737,3750,3759,3767,3780,3790,3802,3828,3848,3868,3884,3895,3898,3887,3872,3860,3846,3824,3807,3790,3778,3764,3747,3728,3713,3698,3680,3667,3654,3641,3622,3599,3576,3560,3544,3528,3512,3499,3487,3464,3442,3423,3402,3383,3375,3363,3351,3335,3322,3311,3307,3308,3307,3307,3308,3307,3310,3314,3322,3332,3339,3343,3351,3365,3384,3398,3409,3421,3430,3436,3446,3457,3473,3484,3495,3511,3531,3545,3558,3575,3595,3611,3628,3640,3649,3660,3677,3691,3703,3718,3732,3747,3760,3772,3788,3800,3807,3811,3817,3822,3827,3833,3838,3840,3844,3848,3849,3855,3861,3866,3869,3874,3882,3892,3905,3921,3925
3922,3924,3926,3927,3925,3924,3921,3916,3898,3881,3869,3854,3824,3806,3784,3753,3709,3688,3685,3683,3680,3680,3679,3673,3666,3660,3659,3657,3654,3652,3656,3662,3672,3680,3687,3686,3686,3694,3704,3710,3717,3728,3765,3800,3813,3830,3867,3895,3913,3944,3963,3960,3949,3929,3905,3890,3878,3859,3841,3829,3824,3815,3805,3796,3793,3795,3796,3795,3798,3806,3815,3819,3820,3821,3824,3830,3833,3823,3800,3775,3747,3733,3730,3725,3717,3706,3684,3659,3645,3637,3628,3617,3606,3593,3582,3576,3572,3568,3565,3565,3567,3570,3579,3587,3595,3602,3612,3614,3618,3623,3619,3617,3616,3611,3609,3611,3616,3622,3636,3649,3663,3671,3686,3703,3716,3724,3729,3728,3726,3723,3724,3724,3726,3728,3730,3729,3733,3737,3737,3750,3765,3771,3777,3790,3806,3817,3838,3861,3881,3890,3894,3892,3880,3865,3855,3844,3824,3807,3789,3776,3761,3742,3726,3711,3695,3678,3667,3656,3645,3618,3593,3574,3557,3541,3525,3510,3495,3480,3461,3444,3425,3405,3390,3380,3368,3356,3344,3331,3321,3315,3313,3311,3310,3311,3311,3313,3316,3323,3330,3337,3343,3354,3365,3380,3393,3407,3423,3431,3436,3442,3456,3469,3478,3491,3509,3523,3535,3550,3572,3593,3610,3626,3639,3647,3659,3670,3681,3692,3708,3723,3737,3749,3759,3769,3781,3790,3796,3803,3807,3811,3818,3823,3824,3827,3831,3837,3843,3847,3849,3855,3861,3865,3872,3882,3896,3907
3908,3909,3912,3914,3913,3911,3912,3908,3894,3878,3871,3861,3830,3804,3773,3744,3706,3689,3684,3680,3678,3679,3676,3669,3663,3657,3656,3654,3650,3646,3650,3661,3671,3678,3682,3678,3678,3687,3701,3708,3714,3723,3757,3794,3812,3831,3858,3873,3915,3964,3972,3966,3956,3939,3918,3903,3893,3879,3862,3848,3842,3829,3817,3810,3807,3804,3802,3802,3808,3817,3829,3835,3842,3847,3847,3841,3835,3820,3797,3776,3751,3739,3736,3732,3725,3714,3697,3668,3647,3637,3624,3613,3605,3592,3584,3577,3571,3567,3570,3575,3578,3582,3587,3593,3602,3612,3620,3617,3618,3626,3627,3623,3621,3615,3614,3616,3622,3631,3642,3656,3669,3679,3694,3710,3720,3728,3733,3734,3731,3730,3732,3736,3737,3741,3744,3744,3749,3754,3756,3766,3775,3783,3790,3811,3830,3841,3856,3875,3887,3890,3887,3881,3871,3859,3848,3838,3821,3798,3778,3764,3750,3734,3721,3706,3691,3677,3665,3654,3641,3618,3594,3575,3558,3541,3525,3512,3497,3481,3463,3447,3429,3411,3400,3388,3375,3362,3348,3338,3329,3322,3319,3317,3316,3316,3316,3317,3321,3326,3331,3335,3343,3352,3362,3374,3390,3405,3420,3430,3436,3444,3454,3465,3475,3486,3500,3515,3526,3542,3569,3590,3603,3619,3632,3643,3654,3662,3670,3682,3699,3714,3728,3738,3745,3752,3759,3768,3777,3786,3792,3799,3803,3807,3807,3810,3815,3822,3829,3834,3838,3842,3846,3850,3856,3865,3876,3887
3896,3897,3899,3898,3898,3896,3897,3893,3885,3874,3867,3854,3828,3800,3766,3739,3705,3687,3682,3677,3676,3675,3670,3663,3659,3656,3656,3653,3649,3647,3650,3657,3663,3671,3673,3671,3673,3684,3698,3706,3709,3709,3757,3795,3815,3830,3844,3854,3900,3963,3971,3970,3961,3949,3935,3919,3908,3898,3884,3867,3856,3843,3832,3830,3825,3817,3813,3814,3819,3830,3840,3846,3854,3859,3853,3841,3828,3812,3792,3774,3755,3744,3739,3736,3730,3722,3708,3692,3660,3636,3621,3611,3604,3593,3586,3580,3575,3574,3580,3586,3590,3591,3595,3601,3610,3619,3625,3622,3622,3630,3635,3636,3633,3625,3621,3622,3628,3639,3654,3670,3682,3691,3703,3715,3725,3733,3735,3736,3735,3734,3737,3742,3748,3755,3760,3759,3763,3769,3774,3780,3787,3800,3813,3837,3855,3864,3874,3884,3886,3881,3875,3871,3861,3849,3837,3827,3809,3785,3766,3751,3738,3726,3714,3702,3689,3676,3661,3648,3635,3617,3597,3578,3561,3544,3529,3517,3502,3485,3466,3451,3435,3418,3406,3393,3377,3364,3350,3341,3334,3328,3326,3325,3323,3321,3320,3320,3325,3331,3335,3338,3342,3348,3357,3373,3390,3405,3416,3426,3435,3444,3450,3457,3470,3482,3494,3508,3519,3535,3557,3578,3595,3607,3620,3633,3645,3653,3662,3672,3687,3703,3716,3725,3731,3738,3743,3749,3759,3770,3777,3783,3788,3790,3792,3796,3802,3808,3815,3822,3827,3829,3832,3837,3845,3853,3861,3871
3886,3885,3884,3881,3879,3880,3880,3878,3874,3868,3859,3843,3818,3799,3764,3731,3700,3679,3675,3671,3670,3669,3662,3656,3654,3656,3658,3656,3651,3650,3654,3657,3659,3666,3670,3668,3670,3682,3694,3702,3709,3732,3771,3795,3817,3830,3837,3852,3903,3946,3961,3967,3967,3962,3951,3935,3924,3916,3904,3885,3870,3856,3848,3845,3839,3830,3824,3825,3834,3845,3851,3854,3860,3859,3847,3835,3819,3805,3787,3773,3757,3748,3742,3738,3736,3733,3721,3712,3675,3635,3619,3608,3601,3593,3586,3580,3581,3588,3591,3595,3597,3599,3603,3608,3614,3620,3626,3627,3629,3639,3641,3648,3648,3638,3630,3632,3640,3651,3668,3682,3694,3701,3710,3722,3732,3737,3743,3746,3746,3742,3741,3746,3756,3766,3770,3771,3775,3782,3790,3794,3805,3822,3841,3862,3873,3879,3883,3886,3880,3869,3862,3859,3850,3838,3825,3812,3796,3775,3758,3744,3731,3719,3709,3698,3687,3675,3661,3646,3633,3616,3597,3579,3562,3548,3534,3519,3504,3488,3469,3454,3441,3424,3409,3395,3379,3365,3353,3346,3339,3334,3334,3332,3329,3325,3322,3322,3327,3333,3338,3342,3344,3348,3358,3375,3389,3399,3409,3419,3430,3441,3445,3453,3465,3478,3492,3506,3518,3534,3550,3564,3582,3597,3609,3623,3637,3646,3654,3664,3676,3690,3702,3711,3719,3726,3731,3735,3743,3754,3763,3769,3773,3778,3782,3787,3792,3796,3801,3808,3812,3816,3822,3827,3833,3839,3845,3855
3871,3870,3868,3865,3864,3865,3866,3867,3866,3862,3853,3836,3812,3793,3764,3724,3693,3672,3666,3662,3662,3660,3653,3647,3647,3653,3656,3653,3649,3648,3651,3653,3656,3662,3665,3665,3671,3681,3690,3699,3721,3756,3781,3795,3814,3833,3845,3869,3903,3927,3947,3958,3970,3973,3965,3951,3938,3930,3919,3899,3885,3875,3868,3862,3854,3845,3837,3841,3852,3863,3867,3863,3858,3851,3836,3822,3809,3797,3784,3773,3758,3748,3745,3742,3742,3741,3731,3721,3678,3632,3618,3608,3599,3591,3586,3584,3587,3592,3597,3599,3601,3605,3610,3612,3616,3623,3627,3630,3635,3643,3645,3651,3653,3645,3640,3644,3652,3663,3675,3687,3700,3707,3715,3728,3738,3748,3759,3766,3765,3755,3752,3754,3765,3772,3778,3781,3787,3797,3805,3816,3827,3844,3863,3878,3882,3883,3881,3878,3869,3857,3851,3846,3837,3828,3815,3802,3787,3770,3755,3742,3727,3714,3704,3695,3685,3672,3659,3644,3632,3614,3596,3576,3562,3550,3537,3519,3505,3490,3472,3458,3445,3428,3413,3398,3382,3369,3358,3350,3343,3339,3337,3336,3332,3328,3324,3323,3328,3334,3339,3343,3346,3351,3363,3378,3385,3392,3401,3412,3425,3436,3443,3451,3464,3477,3491,3505,3518,3533,3546,3557,3573,3587,3601,3614,3628,3638,3646,3655,3666,3678,3691,3700,3708,3714,3718,3723,3731,3742,3749,3755,3761,3767,3771,3775,3780,3784,3788,3793,3797,3803,3811,3816,3819,3823,3831,3838
3856,3855,3853,3852,3851,3853,3855,3856,3856,3853,3845,3830,3807,3784,3757,3721,3687,3667,3659,3655,3653,3650,3643,3640,3641,3645,3644,3641,3639,3640,3643,3645,3649,3656,3661,3665,3673,3682,3690,3705,3731,3762,3784,3796,3814,3837,3858,3882,3902,3920,3938,3953,3971,3981,3977,3963,3950,3941,3930,3914,3902,3893,3887,3877,3867,3860,3855,3862,3871,3877,3874,3863,3848,3839,3824,3810,3800,3791,3782,3771,3757,3751,3749,3747,3747,3744,3732,3718,3674,3635,3621,3613,3601,3591,3589,3590,3592,3594,3597,3600,3603,3608,3615,3615,3618,3625,3630,3634,3639,3645,3650,3652,3653,3648,3647,3653,3662,3672,3682,3693,3704,3711,3721,3733,3746,3759,3773,3781,3779,3768,3772,3770,3778,3783,3788,3795,3805,3816,3826,3839,3850,3863,3877,3884,3883,3877,3871,3865,3855,3846,3840,3833,3824,3815,3805,3793,3779,3766,3754,3739,3723,3707,3698,3692,3681,3665,3653,3640,3628,3612,3597,3576,3561,3550,3536,3520,3507,3492,3476,3461,3447,3429,3414,3400,3385,3372,3362,3353,3347,3343,3339,3337,3334,3331,3327,3326,3329,3335,3340,3345,3348,3355,3368,3377,3381,3386,3393,3406,3419,3430,3441,3450,3463,3475,3488,3502,3516,3529,3541,3555,3571,3582,3594,3605,3618,3630,3639,3647,3659,3671,3683,3692,3697,3701,3704,3709,3717,3727,3734,3739,3745,3750,3755,3759,3764,3769,3774,3778,3782,3787,3797,3802,3803,3807,3816,3821
3840,3839,3838,3838,3838,3840,3842,3842,3843,3842,3833,3819,3796,3775,3748,3715,3685,3662,3652,3649,3645,3641,3635,3632,3632,3634,3631,3627,3628,3629,3632,3636,3640,3648,3656,3664,3674,3683,3692,3707,3733,3761,3784,3801,3821,3843,3864,3884,3902,3912,3931,3954,3975,3987,3983,3971,3960,3951,3942,3930,3919,3911,3903,3889,3879,3877,3877,3880,3883,3880,3869,3854,3839,3830,3816,3804,3795,3789,3780,3769,3756,3754,3753,3751,3751,3746,3730,3711,3678,3642,3625,3617,3605,3596,3593,3595,3598,3598,3598,3601,3604,3612,3619,3618,3619,3627,3633,3638,3643,3652,3659,3660,3658,3654,3654,3663,3672,3681,3692,3703,3712,3718,3729,3741,3753,3766,3779,3789,3793,3796,3804,3791,3799,3802,3803,3814,3827,3838,3845,3854,3862,3872,3878,3879,3874,3866,3858,3851,3841,3833,3826,3820,3812,3801,3791,3780,3768,3758,3747,3735,3719,3702,3693,3688,3677,3659,3643,3631,3622,3610,3596,3576,3561,3548,3535,3522,3510,3495,3478,3463,3447,3428,3414,3400,3385,3373,3362,3354,3349,3345,3341,3338,3337,3334,3330,3328,3331,3337,3343,3350,3353,3359,3370,3377,3380,3384,3389,3399,3411,3423,3436,3447,3460,3473,3486,3501,3514,3525,3537,3553,3569,3580,3589,3597,3610,3622,3629,3638,3650,3662,3674,3682,3686,3689,3692,3697,3702,3712,3719,3724,3727,3733,3738,3742,3746,3754,3760,3764,3766,3771,3779,3784,3788,3793,3802,3807
3824,3822,3822,3825,3825,3826,3827,3827,3832,3830,3821,3804,3784,3766,3739,3708,3682,3658,3646,3642,3639,3634,3628,3624,3624,3623,3619,3616,3616,3616,3619,3625,3630,3638,3650,3663,3676,3686,3694,3706,3729,3753,3783,3807,3829,3849,3861,3874,3890,3902,3932,3957,3980,3992,3990,3981,3972,3964,3953,3943,3938,3933,3924,3909,3898,3896,3895,3889,3882,3872,3858,3844,3834,3824,3813,3803,3796,3788,3776,3766,3757,3756,3757,3755,3753,3743,3724,3706,3683,3648,3628,3619,3608,3600,3598,3598,3600,3600,3599,3602,3607,3616,3622,3621,3621,3628,3635,3640,3647,3660,3667,3669,3667,3665,3668,3675,3685,3693,3705,3715,3721,3728,3737,3748,3758,3770,3786,3799,3811,3826,3833,3823,3829,3830,3829,3837,3844,3851,3853,3856,3860,3865,3867,3864,3858,3852,3845,3836,3826,3817,3810,3804,3797,3788,3778,3766,3756,3746,3735,3725,3713,3699,3690,3684,3672,3655,3635,3620,3614,3604,3591,3575,3561,3548,3535,3522,3512,3496,3479,3465,3448,3429,3414,3400,3385,3372,3361,3353,3349,3346,3344,3342,3341,3337,3331,3331,3336,3341,3347,3353,3358,3363,3371,3377,3380,3384,3389,3398,3407,3417,3429,3441,3455,3469,3483,3498,3508,3518,3530,3547,3563,3573,3583,3591,3602,3612,3619,3626,3637,3649,3662,3669,3673,3678,3683,3687,3691,3699,3707,3710,3712,3717,3723,3726,3729,3738,3744,3747,3750,3757,3763,3768,3774,3781,3790,3794
3809,3808,3808,3811,3812,3812,3813,3813,3818,3817,3807,3791,3775,3760,3734,3705,3676,3654,3642,3635,3632,3629,3622,3618,3616,3613,3609,3605,3603,3602,3607,3613,3620,3629,3643,3659,3673,3685,3693,3704,3722,3741,3776,3803,3822,3843,3854,3871,3894,3910,3937,3953,3974,3996,4001,3996,3988,3978,3966,3959,3958,3953,3943,3927,3916,3910,3902,3888,3874,3860,3846,3838,3830,3821,3813,3804,3796,3784,3771,3762,3756,3757,3758,3755,3747,3733,3716,3703,3686,3658,3635,3622,3612,3604,3602,3600,3600,3600,3602,3606,3612,3620,3625,3625,3626,3631,3638,3646,3654,3665,3673,3678,3679,3682,3688,3694,3704,3713,3719,3725,3731,3738,3746,3756,3769,3783,3800,3812,3829,3845,3851,3852,3857,3855,3854,3851,3850,3853,3851,3847,3847,3848,3850,3845,3840,3837,3832,3821,3811,3802,3793,3788,3783,3777,3767,3755,3745,3734,3724,3713,3705,3696,3687,3678,3666,3650,3629,3614,3607,3596,3584,3574,3561,3548,3534,3522,3511,3496,3478,3464,3447,3429,3415,3400,3385,3371,3360,3352,3347,3344,3344,3345,3343,3338,3332,3335,3340,3342,3346,3353,3361,3367,3371,3375,3379,3384,3392,3403,3410,3418,3425,3434,3449,3464,3477,3489,3498,3509,3524,3539,3552,3563,3574,3583,3592,3602,3609,3615,3625,3636,3647,3655,3660,3665,3671,3676,3681,3686,3693,3697,3698,3702,3707,3711,3715,3721,3727,3730,3734,3742,3749,3755,3762,3769,3775,3781
3796,3796,3796,3797,3798,3797,3797,3798,3801,3799,3792,3780,3767,3754,3728,3694,3665,3651,3640,3630,3626,3623,3619,3613,3608,3604,3598,3592,3589,3590,3596,3602,3612,3622,3634,3649,3663,3677,3687,3698,3713,3736,3771,3791,3810,3833,3855,3886,3910,3925,3941,3951,3968,3995,4009,4010,4002,3993,3980,3973,3972,3968,3951,3931,3920,3911,3897,3878,3863,3849,3838,3833,3827,3819,3811,3800,3791,3780,3766,3759,3753,3754,3754,3749,3737,3723,3708,3700,3688,3666,3643,3627,3617,3607,3604,3602,3599,3601,3606,3611,3617,3621,3625,3628,3630,3634,3642,3653,3662,3670,3680,3688,3692,3701,3712,3720,3731,3738,3737,3740,3744,3753,3763,3775,3791,3802,3814,3827,3844,3857,3863,3863,3865,3862,3856,3850,3845,3845,3840,3832,3829,3828,3829,3826,3823,3821,3816,3806,3796,3787,3779,3774,3769,3764,3754,3744,3735,3725,3716,3705,3698,3692,3682,3672,3660,3646,3626,3610,3602,3590,3581,3572,3558,3544,3532,3519,3509,3493,3475,3460,3445,3430,3415,3400,3385,3371,3359,3352,3345,3342,3343,3344,3342,3336,3335,3339,3343,3342,3343,3351,3361,3367,3369,3374,3379,3385,3397,3409,3415,3419,3422,3428,3444,3460,3470,3480,3490,3503,3519,3532,3542,3553,3565,3574,3582,3591,3599,3607,3615,3625,3634,3642,3647,3652,3658,3666,3671,3675,3679,3682,3685,3688,3693,3698,3702,3705,3709,3714,3718,3726,3736,3742,3748,3755,3760,3767
3783,3783,3783,3782,3782,3781,3782,3782,3784,3784,3780,3773,3761,3745,3716,3673,3652,3646,3638,3626,3620,3619,3616,3608,3603,3596,3588,3580,3577,3579,3586,3595,3605,3615,3623,3636,3652,3666,3675,3687,3710,3746,3772,3785,3809,3831,3857,3893,3911,3928,3946,3958,3974,3993,4013,4020,4013,4005,3994,3983,3979,3971,3949,3929,3916,3902,3886,3865,3851,3841,3833,3831,3825,3817,3807,3794,3785,3774,3762,3755,3751,3752,3749,3741,3727,3714,3704,3697,3686,3668,3650,3632,3620,3608,3605,3602,3600,3603,3609,3615,3619,3621,3623,3630,3635,3637,3647,3661,3672,3679,3690,3698,3705,3718,3734,3744,3754,3762,3762,3764,3764,3777,3794,3803,3812,3819,3829,3839,3852,3862,3866,3860,3854,3849,3842,3836,3832,3829,3822,3816,3812,3809,3807,3808,3806,3802,3796,3789,3780,3773,3765,3760,3756,3749,3740,3734,3726,3718,3710,3699,3692,3688,3678,3668,3656,3641,3622,3607,3597,3587,3579,3571,3557,3542,3530,3517,3505,3488,3472,3457,3444,3429,3413,3399,3386,3371,3361,3353,3347,3342,3343,3344,3340,3337,3341,3346,3346,3344,3344,3350,3360,3366,3370,3374,3380,3389,3402,3412,3419,3422,3424,3428,3442,3456,3465,3474,3485,3497,3512,3522,3533,3546,3557,3566,3573,3580,3589,3598,3607,3615,3621,3629,3635,3641,3646,3653,3660,3664,3664,3666,3671,3676,3681,3685,3689,3691,3693,3698,3703,3710,3720,3728,3733,3740,3746,3751
3767,3766,3766,3766,3766,3766,3767,3768,3770,3772,3771,3767,3753,3735,3705,3667,3646,3642,3634,3622,3615,3613,3609,3602,3597,3588,3578,3571,3569,3572,3580,3590,3598,3607,3616,3628,3644,3657,3664,3682,3726,3759,3773,3786,3811,3834,3852,3885,3909,3928,3942,3957,3976,3995,4015,4024,4022,4015,4005,3993,3985,3971,3949,3929,3912,3895,3877,3856,3843,3836,3832,3829,3823,3816,3805,3793,3781,3769,3759,3753,3750,3750,3746,3736,3719,3708,3699,3692,3684,3670,3657,3637,3621,3610,3607,3605,3605,3605,3611,3616,3620,3623,3624,3633,3639,3644,3657,3672,3683,3692,3701,3705,3713,3730,3748,3759,3769,3781,3794,3799,3799,3813,3825,3830,3829,3832,3843,3848,3854,3859,3857,3848,3839,3832,3823,3817,3813,3806,3800,3798,3796,3793,3790,3789,3786,3782,3776,3770,3764,3759,3750,3745,3741,3736,3730,3725,3717,3709,3703,3696,3689,3683,3674,3662,3649,3633,3618,3605,3595,3585,3577,3571,3562,3545,3531,3519,3506,3488,3472,3457,3443,3429,3412,3397,3385,3373,3364,3358,3351,3346,3344,3344,3340,3340,3347,3352,3351,3349,3348,3352,3358,3365,3369,3373,3380,3391,3402,3413,3422,3428,3431,3434,3443,3452,3460,3469,3482,3494,3506,3517,3527,3539,3550,3560,3566,3572,3580,3587,3597,3604,3609,3616,3623,3629,3634,3640,3648,3650,3650,3652,3658,3665,3669,3673,3676,3677,3680,3684,3689,3697,3705,3711,3718,3724,3730,3734
3747,3746,3749,3749,3750,3750,3750,3752,3755,3756,3757,3754,3741,3725,3702,3671,3644,3638,3630,3618,3611,3607,3600,3596,3589,3578,3571,3569,3566,3568,3575,3584,3593,3601,3611,3624,3641,3651,3657,3683,3735,3753,3768,3788,3815,3836,3857,3880,3895,3916,3935,3953,3973,3991,4010,4021,4023,4020,4014,4004,3994,3980,3962,3941,3914,3893,3875,3852,3840,3834,3831,3829,3823,3816,3807,3795,3782,3770,3761,3755,3754,3751,3745,3732,3716,3706,3696,3689,3683,3672,3659,3640,3625,3615,3611,3610,3611,3612,3613,3616,3623,3629,3630,3637,3645,3657,3671,3684,3693,3703,3712,3713,3721,3739,3760,3773,3784,3801,3825,3836,3840,3846,3850,3851,3845,3843,3848,3850,3848,3844,3838,3830,3823,3815,3807,3799,3792,3783,3778,3780,3781,3777,3775,3773,3768,3764,3761,3756,3752,3745,3738,3731,3727,3724,3719,3713,3706,3699,3696,3692,3683,3675,3665,3653,3639,3627,3613,3603,3594,3583,3575,3571,3566,3550,3536,3526,3516,3493,3477,3462,3446,3430,3412,3398,3386,3372,3363,3358,3352,3348,3346,3344,3341,3342,3350,3355,3354,3353,3352,3352,3355,3363,3366,3371,3379,3390,3401,3414,3424,3432,3435,3436,3442,3450,3457,3467,3480,3491,3503,3512,3521,3531,3541,3553,3560,3565,3571,3576,3586,3595,3600,3606,3613,3618,3622,3629,3636,3640,3640,3643,3649,3655,3658,3661,3662,3664,3668,3672,3677,3685,3693,3698,3703,3708,3714,3719
3729,3729,3730,3731,3733,3733,3734,3736,3738,3738,3739,3736,3728,3718,3700,3676,3644,3633,3625,3615,3608,3603,3595,3590,3585,3572,3568,3568,3567,3567,3570,3579,3588,3599,3607,3619,3634,3643,3649,3671,3718,3742,3762,3783,3807,3830,3859,3873,3875,3892,3934,3957,3973,3991,4007,4014,4016,4015,4011,4004,3998,3986,3973,3955,3918,3896,3877,3853,3842,3835,3833,3833,3828,3821,3811,3799,3789,3779,3769,3764,3760,3755,3747,3734,3717,3704,3694,3686,3680,3669,3657,3646,3633,3622,3617,3616,3618,3618,3617,3618,3624,3634,3638,3644,3657,3669,3681,3691,3701,3711,3720,3722,3731,3752,3777,3793,3803,3823,3844,3853,3857,3859,3863,3857,3850,3845,3842,3841,3834,3825,3816,3811,3804,3797,3790,3782,3775,3766,3762,3761,3761,3758,3758,3756,3751,3750,3749,3746,3740,3733,3726,3720,3714,3712,3709,3702,3697,3693,3690,3685,3673,3662,3653,3641,3631,3620,3607,3596,3590,3579,3573,3571,3566,3552,3539,3530,3520,3497,3483,3470,3455,3435,3416,3401,3387,3373,3363,3357,3351,3349,3350,3349,3346,3347,3352,3356,3357,3356,3353,3351,3354,3360,3366,3371,3378,3386,3398,3411,3422,3431,3436,3439,3443,3449,3455,3465,3476,3486,3496,3507,3515,3523,3533,3544,3554,3559,3563,3566,3575,3585,3591,3598,3604,3609,3613,3619,3627,3632,3632,3634,3639,3644,3648,3649,3649,3651,3655,3659,3663,3671,3680,3686,3691,3694,3700,3706
3715,3714,3712,3712,3717,3719,3720,3722,3724,3723,3722,3720,3718,3712,3696,3682,3642,3627,3619,3613,3607,3602,3593,3587,3582,3571,3566,3567,3569,3567,3569,3576,3588,3599,3606,3616,3625,3636,3653,3696,3730,3741,3755,3779,3800,3824,3863,3868,3871,3898,3944,3956,3969,3983,3995,4002,4003,4002,4000,3995,3994,3986,3973,3955,3918,3899,3883,3862,3852,3844,3842,3844,3840,3833,3821,3807,3798,3790,3779,3771,3767,3760,3749,3734,3715,3702,3692,3685,3677,3667,3657,3651,3642,3631,3625,3622,3623,3622,3621,3622,3627,3638,3645,3653,3665,3676,3687,3698,3709,3719,3726,3731,3740,3764,3793,3812,3821,3838,3856,3860,3860,3859,3855,3849,3844,3838,3832,3824,3818,3809,3800,3790,3782,3777,3772,3765,3758,3751,3748,3746,3743,3743,3743,3741,3738,3734,3734,3731,3727,3721,3715,3709,3704,3704,3702,3697,3692,3689,3683,3674,3662,3654,3643,3633,3625,3615,3601,3589,3582,3575,3571,3567,3560,3548,3538,3529,3519,3502,3487,3477,3462,3442,3422,3404,3391,3381,3369,3362,3356,3353,3355,3355,3353,3353,3354,3358,3361,3360,3355,3353,3356,3361,3368,3375,3379,3385,3395,3409,3419,3428,3437,3443,3446,3450,3456,3465,3473,3480,3489,3500,3509,3517,3527,3538,3547,3551,3554,3556,3565,3574,3581,3588,3595,3599,3605,3611,3619,3623,3624,3626,3630,3634,3637,3638,3638,3639,3642,3645,3650,3659,3668,3675,3680,3684,3690,3695
3694,3697,3696,3697,3700,3702,3705,3710,3712,3712,3709,3705,3707,3707,3695,3681,3639,3617,3611,3607,3602,3598,3591,3585,3581,3572,3568,3569,3568,3567,3570,3579,3590,3596,3602,3611,3621,3637,3664,3694,3715,3730,3745,3780,3801,3811,3846,3870,3883,3904,3927,3948,3962,3972,3978,3982,3984,3986,3985,3984,3985,3978,3971,3959,3935,3905,3887,3873,3867,3862,3859,3858,3854,3851,3839,3822,3811,3802,3792,3784,3773,3763,3749,3734,3717,3704,3694,3685,3678,3670,3664,3658,3650,3639,3630,3627,3629,3629,3628,3628,3632,3641,3650,3659,3670,3682,3696,3708,3716,3723,3729,3738,3749,3774,3802,3823,3836,3850,3864,3863,3856,3850,3841,3837,3835,3828,3819,3808,3802,3794,3784,3774,3765,3760,3755,3748,3740,3736,3736,3735,3734,3734,3734,3731,3726,3722,3721,3718,3713,3708,3702,3697,3696,3698,3697,3691,3684,3681,3673,3663,3656,3649,3639,3627,3620,3610,3597,3584,3578,3572,3566,3560,3553,3546,3538,3528,3519,3508,3493,3480,3462,3442,3424,3407,3396,3388,3379,3374,3368,3364,3364,3361,3358,3356,3358,3362,3365,3363,3357,3354,3357,3362,3369,3376,3382,3386,3394,3408,3419,3429,3438,3447,3451,3454,3459,3467,3473,3477,3485,3495,3505,3512,3520,3530,3537,3542,3545,3550,3557,3564,3570,3577,3583,3589,3596,3602,3608,3614,3616,3617,3621,3625,3627,3627,3627,3628,3629,3632,3638,3650,3657,3663,3671,3677,3682,3685
3674,3679,3682,3682,3682,3684,3691,3697,3702,3699,3695,3693,3697,3697,3684,3669,3640,3613,3605,3600,3596,3592,3587,3582,3579,3575,3571,3570,3567,3567,3572,3580,3589,3595,3600,3609,3625,3644,3659,3682,3705,3733,3768,3801,3809,3819,3844,3865,3885,3908,3927,3940,3948,3955,3960,3964,3967,3970,3971,3973,3977,3975,3972,3962,3945,3921,3902,3884,3879,3875,3875,3872,3869,3867,3859,3842,3826,3816,3805,3800,3787,3769,3752,3737,3724,3714,3704,3691,3682,3678,3676,3669,3657,3644,3636,3633,3636,3640,3638,3635,3639,3645,3654,3662,3674,3688,3702,3713,3721,3724,3728,3740,3756,3775,3805,3825,3843,3858,3865,3855,3845,3835,3828,3825,3821,3811,3801,3792,3786,3778,3769,3757,3749,3743,3739,3732,3726,3725,3726,3727,3728,3727,3726,3724,3718,3714,3712,3707,3700,3695,3690,3686,3687,3690,3688,3680,3672,3673,3666,3657,3652,3645,3634,3623,3614,3603,3590,3582,3575,3567,3560,3554,3549,3543,3538,3528,3518,3511,3496,3482,3463,3443,3426,3412,3402,3394,3385,3381,3376,3373,3370,3366,3362,3360,3362,3365,3367,3366,3360,3355,3357,3361,3367,3374,3381,3387,3395,3408,3420,3430,3440,3452,3457,3461,3465,3469,3473,3475,3481,3492,3502,3506,3511,3520,3526,3531,3539,3545,3550,3555,3562,3568,3574,3582,3589,3594,3599,3605,3607,3608,3612,3616,3618,3617,3618,3619,3621,3623,3630,3639,3647,3653,3661,3669,3674,3676
3657,3660,3665,3668,3669,3672,3678,3683,3687,3685,3684,3684,3688,3686,3673,3653,3629,3613,3602,3595,3592,3588,3584,3580,3578,3574,3573,3571,3568,3568,3573,3580,3586,3592,3601,3609,3619,3638,3658,3676,3702,3739,3775,3796,3812,3825,3844,3866,3887,3904,3920,3929,3934,3939,3945,3951,3954,3956,3958,3963,3967,3969,3967,3959,3947,3935,3920,3902,3892,3885,3885,3886,3892,3891,3884,3866,3842,3834,3825,3815,3802,3781,3759,3745,3732,3724,3715,3703,3691,3688,3684,3678,3667,3653,3646,3646,3649,3650,3647,3644,3647,3655,3661,3667,3678,3695,3706,3718,3728,3728,3729,3740,3756,3779,3803,3825,3844,3857,3853,3840,3832,3823,3816,3812,3802,3792,3784,3777,3771,3764,3752,3736,3731,3728,3724,3717,3715,3715,3718,3718,3718,3720,3719,3715,3710,3707,3704,3698,3690,3686,3681,3679,3680,3683,3680,3672,3668,3666,3660,3653,3649,3641,3628,3618,3611,3599,3586,3579,3572,3561,3554,3550,3546,3541,3535,3527,3519,3511,3498,3484,3466,3445,3430,3419,3408,3399,3390,3384,3379,3374,3370,3366,3363,3362,3366,3370,3374,3372,3366,3360,3358,3361,3367,3375,3382,3388,3395,3407,3418,3431,3445,3455,3461,3467,3471,3473,3474,3475,3480,3488,3495,3499,3505,3511,3518,3523,3530,3537,3541,3545,3552,3560,3566,3574,3582,3588,3592,3596,3597,3599,3601,3605,3609,3611,3611,3613,3616,3618,3622,3629,3637,3644,3653,3661,3665,3667
3640,3642,3646,3652,3656,3661,3667,3670,3673,3673,3673,3676,3677,3672,3661,3641,3622,3606,3595,3590,3589,3586,3581,3577,3575,3573,3573,3571,3568,3567,3572,3580,3584,3595,3605,3614,3627,3639,3667,3687,3702,3730,3769,3794,3809,3827,3845,3860,3878,3891,3907,3917,3922,3926,3932,3938,3941,3941,3943,3948,3953,3957,3959,3954,3946,3938,3929,3917,3911,3908,3909,3915,3918,3916,3909,3887,3866,3853,3839,3825,3811,3794,3777,3765,3749,3736,3727,3714,3706,3701,3694,3687,3676,3667,3662,3661,3657,3657,3656,3656,3659,3665,3668,3675,3690,3705,3712,3723,3732,3736,3737,3743,3758,3786,3807,3825,3839,3843,3831,3821,3816,3806,3798,3790,3781,3777,3770,3762,3754,3747,3732,3722,3718,3716,3714,3708,3708,3711,3712,3710,3710,3713,3713,3707,3703,3701,3695,3687,3683,3681,3678,3674,3676,3676,3673,3669,3662,3657,3650,3646,3644,3636,3624,3615,3606,3594,3585,3577,3568,3559,3551,3546,3542,3539,3534,3526,3518,3511,3499,3487,3465,3448,3436,3421,3410,3401,3394,3387,3380,3373,3367,3365,3367,3368,3371,3375,3380,3381,3374,3367,3362,3363,3368,3376,3383,3390,3397,3407,3417,3430,3445,3455,3464,3472,3477,3477,3478,3479,3482,3486,3492,3496,3500,3506,3512,3517,3523,3528,3534,3538,3545,3553,3559,3566,3573,3580,3584,3587,3588,3590,3592,3597,3601,3602,3603,3606,3609,3612,3617,3623,3631,3639,3647,3653,3658,3661
3623,3627,3629,3632,3637,3646,3653,3655,3658,3660,3661,3663,3663,3659,3649,3633,3610,3592,3584,3584,3585,3580,3576,3571,3569,3568,3567,3565,3562,3562,3565,3573,3582,3594,3608,3622,3630,3654,3692,3700,3709,3733,3767,3787,3801,3822,3840,3849,3867,3881,3892,3903,3911,3913,3918,3922,3924,3923,3925,3931,3936,3942,3944,3941,3935,3929,3923,3920,3920,3920,3922,3925,3926,3923,3917,3908,3890,3875,3858,3844,3832,3817,3797,3779,3761,3748,3740,3728,3715,3708,3704,3696,3691,3687,3679,3673,3669,3667,3666,3668,3674,3676,3679,3690,3705,3714,3720,3729,3738,3743,3746,3749,3766,3793,3813,3824,3830,3826,3811,3807,3801,3791,3779,3771,3767,3764,3756,3744,3741,3735,3722,3714,3711,3709,3706,3703,3704,3708,3709,3705,3702,3704,3705,3701,3696,3692,3685,3678,3675,3675,3672,3668,3669,3670,3667,3663,3655,3648,3642,3641,3638,3633,3624,3616,3603,3593,3585,3576,3567,3559,3551,3545,3539,3536,3531,3524,3516,3507,3497,3485,3466,3448,3437,3425,3412,3405,3396,3391,3381,3372,3365,3364,3370,3373,3376,3379,3384,3387,3383,3374,3368,3367,3370,3376,3381,3390,3399,3412,3421,3430,3442,3455,3466,3476,3480,3481,3481,3482,3483,3488,3495,3496,3498,3501,3507,3512,3517,3522,3528,3534,3539,3545,3553,3561,3565,3572,3576,3579,3580,3583,3587,3589,3592,3593,3595,3597,3600,3606,3613,3620,3626,3634,3643,3649,3654,3657
3606,3612,3615,3616,3622,3630,3635,3638,3641,3646,3648,3650,3652,3644,3630,3616,3596,3580,3575,3576,3577,3574,3571,3566,3564,3563,3559,3557,3558,3560,3560,3566,3578,3595,3606,3610,3618,3639,3681,3700,3707,3727,3757,3776,3798,3823,3836,3847,3861,3872,3880,3887,3895,3900,3902,3904,3907,3909,3912,3917,3922,3924,3925,3922,3918,3913,3908,3909,3913,3915,3916,3920,3926,3928,3926,3918,3906,3896,3881,3866,3856,3842,3825,3808,3789,3772,3755,3741,3728,3722,3719,3717,3711,3709,3701,3690,3684,3680,3680,3683,3689,3698,3704,3710,3721,3729,3734,3741,3747,3751,3751,3759,3779,3804,3814,3821,3824,3817,3804,3793,3785,3775,3766,3758,3753,3748,3741,3735,3730,3724,3713,3706,3705,3703,3701,3699,3701,3703,3704,3701,3700,3699,3699,3694,3690,3684,3678,3673,3670,3667,3664,3660,3660,3662,3660,3656,3650,3645,3639,3637,3635,3629,3624,3618,3606,3593,3585,3577,3568,3559,3551,3545,3537,3532,3528,3524,3515,3505,3494,3484,3466,3448,3433,3419,3410,3405,3398,3391,3384,3377,3369,3366,3370,3375,3381,3385,3390,3391,3385,3378,3372,3369,3371,3376,3383,3390,3400,3413,3421,3431,3442,3456,3469,3480,3485,3487,3486,3485,3488,3493,3497,3499,3500,3500,3502,3509,3513,3517,3523,3530,3533,3539,3548,3554,3559,3565,3571,3573,3572,3576,3580,3583,3586,3588,3589,3590,3594,3601,3608,3616,3623,3631,3638,3643,3649,3653
3588,3596,3600,3602,3611,3616,3622,3623,3629,3634,3635,3638,3638,3627,3609,3595,3580,3570,3566,3567,3569,3569,3565,3560,3559,3556,3552,3551,3557,3561,3564,3570,3579,3592,3600,3604,3615,3647,3681,3698,3712,3731,3749,3763,3783,3808,3825,3837,3849,3858,3865,3871,3876,3880,3885,3889,3895,3898,3903,3906,3909,3908,3905,3900,3896,3893,3891,3893,3898,3901,3904,3910,3921,3931,3936,3934,3926,3916,3900,3887,3876,3865,3850,3832,3811,3795,3781,3765,3764,3763,3746,3736,3730,3726,3719,3712,3699,3696,3696,3702,3713,3726,3727,3732,3738,3741,3746,3750,3754,3758,3765,3778,3796,3810,3817,3820,3816,3806,3790,3781,3769,3759,3754,3746,3738,3731,3730,3724,3718,3710,3701,3697,3697,3697,3697,3696,3699,3701,3698,3698,3702,3700,3693,3686,3682,3677,3669,3664,3661,3658,3656,3651,3651,3654,3656,3652,3645,3639,3636,3634,3630,3623,3620,3618,3607,3592,3586,3579,3571,3561,3553,3547,3539,3533,3529,3525,3520,3510,3498,3483,3468,3453,3430,3413,3406,3405,3400,3391,3385,3379,3374,3370,3371,3377,3386,3393,3395,3393,3386,3380,3376,3370,3372,3379,3386,3391,3400,3414,3424,3434,3446,3459,3472,3484,3491,3496,3495,3493,3496,3499,3503,3506,3508,3506,3505,3507,3513,3518,3524,3530,3533,3537,3545,3550,3553,3559,3564,3564,3566,3571,3574,3578,3580,3583,3583,3585,3589,3595,3603,3612,3620,3628,3632,3638,3647,3653
3573,3584,3589,3592,3599,3604,3609,3611,3617,3620,3620,3623,3620,3608,3594,3578,3565,3558,3553,3554,3557,3559,3556,3552,3551,3547,3543,3546,3555,3562,3565,3570,3577,3585,3589,3597,3613,3642,3673,3691,3711,3737,3754,3767,3787,3803,3816,3828,3839,3843,3850,3857,3860,3864,3871,3876,3882,3884,3888,3893,3892,3888,3884,3879,3874,3873,3869,3866,3871,3881,3888,3896,3909,3920,3928,3934,3938,3935,3925,3913,3906,3893,3874,3854,3835,3820,3806,3794,3790,3789,3783,3768,3752,3739,3733,3727,3720,3714,3716,3728,3737,3745,3749,3750,3751,3755,3760,3765,3765,3769,3781,3794,3805,3817,3822,3815,3803,3788,3776,3770,3760,3751,3742,3734,3725,3719,3715,3712,3706,3702,3698,3690,3691,3692,3692,3695,3699,3699,3695,3695,3701,3698,3686,3679,3673,3667,3661,3656,3653,3651,3650,3646,3644,3648,3649,3647,3640,3636,3632,3631,3626,3620,3616,3612,3604,3591,3587,3580,3573,3564,3557,3550,3541,3532,3529,3527,3523,3516,3501,3481,3468,3454,3432,3413,3405,3405,3401,3393,3385,3379,3375,3373,3373,3380,3389,3395,3397,3396,3391,3386,3380,3374,3373,3380,3387,3394,3405,3419,3428,3438,3449,3463,3476,3488,3497,3504,3504,3504,3504,3506,3510,3512,3512,3512,3512,3516,3521,3526,3530,3535,3538,3540,3541,3545,3550,3556,3559,3559,3560,3565,3570,3573,3576,3577,3581,3586,3589,3592,3600,3609,3618,3627,3633,3640,3650,3655
3559,3568,3575,3581,3584,3589,3593,3597,3604,3605,3606,3608,3601,3592,3578,3560,3551,3547,3543,3543,3546,3548,3547,3544,3543,3540,3539,3543,3552,3554,3555,3562,3569,3574,3580,3589,3607,3635,3661,3683,3704,3727,3753,3769,3783,3795,3806,3817,3827,3834,3840,3846,3848,3852,3861,3866,3869,3870,3872,3872,3871,3869,3866,3857,3852,3849,3842,3843,3851,3863,3872,3879,3893,3905,3916,3926,3934,3942,3946,3941,3927,3912,3897,3876,3857,3847,3835,3820,3801,3796,3791,3782,3767,3750,3742,3739,3737,3734,3740,3749,3754,3762,3768,3767,3766,3769,3774,3776,3775,3781,3797,3808,3817,3827,3821,3805,3791,3778,3768,3762,3752,3744,3734,3724,3716,3711,3707,3703,3698,3697,3695,3691,3688,3689,3692,3694,3696,3695,3692,3694,3696,3690,3681,3678,3672,3661,3653,3648,3645,3646,3646,3644,3640,3642,3644,3642,3638,3632,3630,3627,3622,3618,3612,3607,3601,3593,3588,3579,3573,3567,3559,3550,3541,3531,3527,3526,3522,3516,3503,3484,3469,3456,3437,3420,3409,3404,3402,3395,3387,3381,3378,3375,3377,3383,3392,3396,3398,3399,3396,3389,3383,3377,3374,3381,3390,3399,3409,3420,3429,3440,3451,3463,3478,3492,3503,3511,3513,3513,3513,3516,3521,3523,3522,3523,3530,3532,3534,3536,3540,3545,3548,3547,3547,3550,3554,3556,3556,3555,3556,3559,3563,3567,3570,3574,3579,3584,3588,3592,3598,3609,3619,3626,3634,3641,3647,3652
3542,3551,3560,3565,3567,3572,3577,3581,3587,3591,3593,3589,3579,3569,3554,3539,3536,3534,3534,3536,3538,3539,3539,3539,3538,3534,3536,3540,3545,3547,3547,3552,3559,3565,3571,3579,3596,3620,3651,3681,3702,3724,3745,3757,3768,3781,3793,3803,3813,3821,3827,3833,3837,3840,3850,3855,3857,3859,3857,3853,3852,3849,3843,3834,3830,3824,3821,3827,3835,3846,3852,3860,3879,3898,3910,3917,3927,3939,3950,3950,3943,3930,3918,3897,3875,3860,3847,3829,3811,3800,3793,3787,3780,3769,3757,3748,3748,3751,3756,3760,3765,3769,3773,3776,3777,3779,3782,3785,3786,3792,3811,3825,3832,3835,3811,3797,3785,3774,3765,3758,3747,3737,3728,3716,3709,3705,3701,3695,3693,3693,3695,3690,3687,3687,3691,3691,3688,3688,3688,3691,3692,3685,3675,3674,3665,3653,3645,3641,3638,3638,3638,3638,3636,3638,3641,3641,3635,3630,3626,3624,3620,3614,3609,3605,3600,3595,3591,3583,3576,3567,3557,3547,3540,3530,3526,3524,3521,3517,3505,3485,3467,3453,3438,3425,3413,3405,3401,3397,3393,3386,3381,3380,3383,3389,3396,3400,3401,3402,3399,3390,3385,3382,3379,3382,3391,3402,3409,3420,3431,3440,3450,3463,3477,3491,3504,3514,3521,3525,3525,3526,3532,3536,3539,3541,3543,3546,3549,3550,3554,3557,3557,3555,3556,3558,3559,3558,3556,3556,3556,3558,3560,3563,3568,3573,3577,3584,3591,3595,3600,3607,3615,3623,3631,3639,3644,3649
3527,3536,3544,3548,3552,3559,3564,3568,3574,3579,3577,3568,3556,3542,3527,3522,3523,3523,3526,3530,3532,3533,3534,3535,3532,3530,3533,3536,3539,3539,3539,3542,3549,3556,3562,3570,3591,3624,3662,3684,3704,3722,3735,3745,3756,3769,3785,3793,3798,3805,3813,3821,3825,3828,3834,3839,3843,3846,3844,3837,3833,3826,3818,3811,3807,3806,3806,3807,3814,3825,3832,3844,3865,3885,3897,3908,3919,3930,3942,3948,3947,3939,3928,3913,3898,3883,3863,3837,3815,3805,3799,3795,3792,3785,3769,3760,3760,3763,3765,3767,3773,3773,3775,3779,3782,3784,3788,3793,3796,3807,3828,3839,3839,3824,3799,3791,3781,3772,3761,3755,3743,3733,3721,3709,3703,3699,3695,3693,3689,3687,3688,3688,3684,3683,3686,3683,3682,3683,3683,3685,3685,3676,3667,3661,3652,3644,3641,3638,3632,3631,3631,3632,3633,3635,3639,3638,3633,3629,3624,3621,3618,3613,3607,3604,3600,3596,3592,3584,3576,3564,3552,3543,3537,3527,3523,3523,3519,3513,3502,3486,3466,3450,3435,3424,3414,3406,3400,3398,3394,3389,3384,3382,3385,3391,3399,3404,3406,3406,3402,3395,3389,3386,3383,3383,3391,3404,3415,3424,3434,3442,3453,3466,3478,3491,3503,3516,3528,3535,3537,3538,3540,3546,3550,3554,3558,3560,3562,3565,3567,3567,3565,3565,3565,3566,3565,3563,3560,3559,3558,3557,3559,3565,3571,3577,3580,3586,3595,3599,3602,3605,3612,3618,3626,3634,3641,3646
3513,3522,3527,3531,3539,3546,3552,3555,3558,3560,3557,3548,3533,3516,3508,3509,3513,3514,3517,3523,3527,3529,3530,3530,3528,3527,3533,3535,3534,3532,3531,3533,3539,3547,3557,3572,3591,3619,3660,3685,3702,3717,3727,3737,3748,3758,3771,3779,3785,3791,3800,3808,3813,3816,3819,3825,3827,3829,3830,3822,3813,3806,3797,3788,3785,3787,3789,3791,3794,3803,3812,3818,3829,3845,3866,3888,3906,3916,3927,3939,3948,3949,3940,3929,3917,3900,3877,3850,3829,3818,3812,3808,3806,3801,3789,3780,3776,3777,3777,3778,3781,3778,3776,3781,3784,3786,3790,3799,3810,3827,3837,3841,3833,3815,3796,3788,3782,3773,3765,3750,3739,3728,3715,3705,3698,3694,3693,3691,3687,3681,3680,3681,3680,3679,3681,3679,3678,3681,3680,3680,3675,3668,3660,3650,3642,3640,3639,3636,3629,3628,3631,3633,3635,3637,3639,3637,3631,3626,3622,3619,3616,3612,3609,3605,3603,3598,3591,3582,3572,3560,3549,3543,3536,3528,3525,3524,3520,3511,3498,3484,3465,3450,3434,3423,3414,3406,3399,3396,3393,3390,3386,3382,3384,3392,3401,3406,3410,3410,3406,3401,3394,3389,3386,3386,3394,3408,3421,3432,3441,3450,3460,3471,3483,3494,3505,3519,3533,3542,3547,3549,3552,3556,3560,3563,3571,3574,3575,3578,3580,3578,3575,3574,3574,3573,3571,3569,3565,3562,3560,3559,3562,3568,3576,3582,3584,3589,3595,3602,3607,3612,3616,3618,3622,3629,3636,3642
3503,3511,3514,3518,3526,3531,3534,3538,3541,3539,3534,3526,3513,3500,3496,3497,3500,3504,3508,3514,3521,3525,3527,3527,3523,3526,3532,3532,3529,3526,3525,3529,3536,3545,3556,3572,3588,3628,3671,3688,3699,3710,3720,3729,3740,3750,3760,3765,3771,3779,3791,3798,3802,3805,3808,3813,3815,3817,3815,3806,3796,3786,3776,3770,3768,3769,3772,3776,3780,3785,3795,3804,3811,3825,3845,3866,3883,3896,3912,3928,3942,3948,3947,3942,3929,3911,3891,3867,3847,3832,3824,3820,3817,3810,3803,3801,3801,3801,3797,3793,3791,3786,3783,3788,3791,3791,3798,3811,3829,3841,3846,3841,3826,3814,3800,3788,3783,3776,3763,3744,3734,3721,3710,3704,3696,3690,3690,3689,3686,3678,3673,3675,3676,3676,3677,3676,3674,3676,3675,3673,3668,3660,3653,3646,3638,3637,3636,3634,3630,3629,3632,3635,3637,3638,3639,3637,3631,3625,3621,3619,3617,3614,3611,3608,3605,3598,3590,3581,3569,3559,3550,3543,3536,3529,3525,3524,3522,3511,3494,3478,3462,3449,3433,3422,3414,3405,3398,3396,3394,3392,3387,3384,3387,3394,3403,3410,3415,3416,3410,3406,3400,3394,3390,3389,3399,3411,3424,3438,3448,3457,3464,3476,3489,3500,3509,3524,3539,3547,3553,3557,3564,3567,3570,3573,3580,3585,3589,3593,3595,3593,3587,3583,3581,3578,3576,3575,3573,3569,3568,3568,3568,3574,3581,3586,3590,3595,3601,3609,3618,3623,3625,3624,3626,3629,3633,3638
3490,3498,3502,3506,3511,3515,3517,3522,3525,3519,3512,3505,3495,3488,3486,3486,3488,3493,3498,3505,3513,3521,3525,3523,3519,3525,3531,3531,3526,3523,3525,3530,3537,3545,3557,3581,3602,3633,3660,3678,3690,3700,3711,3718,3726,3740,3752,3755,3762,3769,3778,3786,3791,3794,3798,3803,3804,3804,3800,3789,3774,3764,3758,3755,3755,3756,3758,3762,3765,3771,3782,3794,3805,3820,3837,3851,3865,3885,3903,3916,3927,3935,3944,3947,3939,3924,3904,3884,3868,3856,3842,3832,3824,3819,3815,3815,3818,3818,3815,3810,3805,3798,3796,3800,3802,3804,3813,3833,3851,3859,3856,3846,3829,3817,3802,3788,3783,3777,3764,3746,3737,3724,3709,3704,3697,3692,3693,3691,3690,3679,3672,3672,3674,3673,3672,3670,3668,3668,3668,3667,3662,3654,3648,3644,3639,3637,3635,3634,3633,3631,3633,3634,3632,3634,3636,3636,3631,3626,3622,3620,3620,3617,3612,3609,3605,3598,3591,3583,3572,3562,3553,3544,3537,3530,3526,3522,3519,3505,3487,3473,3461,3447,3432,3423,3414,3406,3399,3397,3396,3394,3388,3387,3390,3396,3405,3412,3416,3418,3413,3408,3404,3398,3393,3392,3400,3413,3425,3441,3453,3460,3466,3479,3492,3504,3513,3528,3542,3550,3556,3563,3572,3576,3578,3582,3588,3593,3599,3604,3605,3603,3600,3595,3590,3585,3582,3583,3584,3584,3583,3582,3580,3579,3583,3588,3594,3602,3610,3617,3624,3629,3630,3632,3634,3634,3633,3636
3476,3482,3488,3493,3498,3502,3504,3505,3507,3500,3492,3486,3479,3478,3478,3477,3478,3484,3489,3497,3505,3514,3519,3516,3514,3520,3528,3528,3523,3521,3525,3530,3535,3545,3569,3594,3609,3624,3643,3661,3675,3687,3701,3708,3715,3725,3740,3748,3753,3758,3765,3774,3779,3783,3788,3792,3792,3790,3783,3768,3751,3744,3740,3740,3743,3744,3743,3745,3750,3759,3769,3784,3797,3810,3825,3840,3854,3873,3892,3903,3911,3922,3936,3946,3947,3938,3919,3903,3892,3877,3861,3848,3845,3837,3831,3830,3830,3830,3828,3827,3823,3815,3812,3815,3817,3824,3841,3861,3872,3873,3863,3850,3833,3819,3803,3789,3785,3775,3763,3754,3746,3734,3715,3709,3704,3700,3701,3698,3695,3682,3676,3677,3674,3670,3668,3665,3663,3661,3662,3661,3657,3653,3647,3643,3639,3636,3634,3634,3634,3633,3633,3631,3628,3630,3634,3634,3631,3628,3626,3623,3622,3618,3613,3609,3603,3597,3593,3585,3574,3565,3555,3545,3538,3534,3529,3522,3515,3499,3482,3471,3462,3447,3434,3425,3417,3409,3401,3398,3396,3395,3391,3391,3393,3397,3406,3414,3419,3422,3418,3413,3407,3401,3397,3397,3404,3414,3426,3442,3454,3462,3468,3480,3494,3506,3515,3529,3542,3551,3559,3568,3577,3582,3587,3592,3596,3600,3604,3608,3609,3609,3608,3605,3600,3593,3591,3594,3598,3598,3596,3594,3592,3587,3588,3592,3598,3609,3615,3622,3627,3630,3634,3638,3641,3639,3634,3635
3465,3469,3475,3480,3484,3488,3489,3485,3484,3480,3474,3468,3467,3469,3469,3468,3470,3474,3481,3490,3496,3503,3507,3508,3509,3513,3520,3522,3519,3519,3522,3526,3532,3547,3574,3598,3611,3620,3638,3651,3664,3676,3689,3699,3706,3715,3729,3738,3741,3746,3756,3765,3771,3772,3776,3779,3779,3775,3764,3748,3734,3727,3724,3724,3727,3730,3731,3733,3740,3749,3763,3778,3790,3802,3815,3832,3847,3860,3875,3889,3904,3917,3929,3941,3951,3950,3937,3927,3915,3895,3880,3874,3875,3866,3859,3854,3848,3843,3841,3843,3841,3833,3836,3836,3837,3849,3867,3880,3883,3876,3861,3851,3837,3821,3806,3795,3788,3773,3759,3756,3751,3737,3723,3720,3718,3714,3710,3705,3700,3685,3680,3682,3675,3668,3664,3663,3661,3658,3658,3657,3654,3652,3647,3641,3636,3634,3633,3633,3633,3632,3632,3630,3628,3630,3633,3633,3630,3629,3627,3624,3621,3617,3613,3607,3601,3598,3593,3585,3576,3568,3559,3548,3542,3537,3531,3522,3512,3495,3481,3472,3462,3446,3435,3427,3420,3412,3403,3399,3398,3396,3395,3395,3395,3399,3407,3417,3426,3428,3424,3417,3411,3406,3403,3402,3406,3415,3427,3443,3455,3464,3471,3482,3496,3507,3517,3530,3543,3552,3560,3570,3580,3587,3594,3598,3602,3607,3609,3609,3612,3614,3616,3615,3612,3606,3607,3613,3616,3613,3609,3610,3608,3602,3600,3603,3609,3619,3624,3628,3633,3633,3636,3640,3643,3643,3639,3638
3456,3457,3460,3465,3466,3468,3467,3462,3462,3460,3457,3454,3456,3459,3459,3459,3461,3464,3470,3480,3487,3491,3497,3501,3503,3506,3511,3515,3515,3515,3518,3522,3529,3545,3574,3596,3608,3618,3632,3642,3652,3664,3675,3686,3695,3705,3717,3725,3729,3735,3748,3757,3761,3762,3764,3766,3764,3757,3744,3729,3718,3710,3710,3711,3713,3717,3721,3727,3733,3742,3756,3771,3782,3793,3809,3827,3842,3852,3862,3877,3898,3914,3926,3938,3952,3956,3952,3946,3932,3913,3901,3899,3900,3896,3891,3884,3872,3859,3856,3854,3851,3849,3857,3861,3866,3876,3887,3890,3885,3872,3860,3853,3842,3825,3809,3800,3790,3774,3759,3757,3751,3737,3728,3728,3731,3726,3718,3709,3701,3688,3685,3685,3677,3669,3665,3665,3664,3660,3657,3655,3652,3651,3647,3641,3636,3632,3631,3631,3632,3632,3631,3631,3630,3631,3633,3632,3629,3627,3626,3624,3622,3619,3615,3609,3604,3599,3592,3582,3575,3568,3561,3552,3544,3537,3530,3520,3507,3492,3481,3471,3458,3444,3433,3427,3421,3414,3405,3402,3401,3400,3399,3399,3399,3402,3411,3422,3431,3432,3427,3418,3414,3411,3408,3406,3409,3418,3430,3446,3457,3466,3474,3486,3498,3507,3517,3530,3543,3553,3560,3569,3581,3590,3598,3603,3609,3614,3616,3615,3619,3624,3628,3635,3635,3636,3636,3638,3635,3633,3630,3631,3631,3622,3618,3622,3629,3635,3637,3639,3641,3639,3639,3642,3646,3648,3648,3648
3445,3445,3447,3450,3448,3448,3445,3441,3441,3442,3444,3445,3447,3449,3450,3451,3453,3456,3460,3468,3476,3481,3486,3491,3493,3495,3499,3505,3509,3511,3513,3517,3525,3542,3570,3590,3603,3612,3623,3632,3641,3654,3665,3675,3684,3693,3706,3714,3719,3725,3737,3743,3748,3748,3751,3750,3744,3736,3724,3710,3701,3696,3697,3700,3704,3709,3715,3721,3727,3735,3746,3759,3770,3785,3806,3822,3834,3841,3853,3868,3891,3908,3920,3934,3949,3957,3958,3955,3947,3935,3924,3920,3922,3925,3922,3917,3908,3886,3868,3863,3860,3861,3876,3887,3893,3895,3897,3892,3880,3870,3862,3855,3843,3827,3811,3802,3791,3778,3766,3761,3751,3740,3734,3733,3734,3731,3722,3711,3704,3696,3694,3690,3682,3673,3668,3669,3668,3664,3659,3654,3652,3651,3648,3645,3640,3635,3632,3630,3633,3634,3632,3631,3631,3631,3632,3630,3626,3623,3623,3623,3623,3621,3617,3612,3605,3596,3587,3579,3573,3565,3559,3553,3545,3535,3526,3514,3502,3489,3476,3465,3455,3443,3433,3427,3422,3415,3406,3404,3405,3405,3403,3404,3404,3408,3416,3426,3434,3434,3429,3421,3418,3416,3414,3412,3414,3421,3433,3448,3459,3467,3475,3487,3499,3507,3516,3527,3542,3552,3560,3570,3583,3592,3600,3606,3613,3619,3622,3625,3633,3642,3652,3665,3667,3670,3671,3667,3658,3657,3658,3659,3662,3655,3640,3642,3647,3652,3654,3656,3654,3651,3650,3652,3655,3660,3660,3661
3433,3433,3434,3435,3432,3430,3427,3426,3427,3431,3434,3437,3439,3440,3442,3444,3446,3448,3451,3458,3466,3470,3473,3478,3481,3483,3488,3495,3503,3507,3509,3515,3523,3540,3566,3586,3598,3607,3618,3628,3640,3650,3658,3667,3676,3684,3696,3705,3710,3716,3724,3730,3735,3735,3735,3730,3721,3712,3703,3694,3688,3685,3688,3693,3699,3705,3711,3714,3719,3727,3737,3748,3762,3781,3799,3812,3822,3832,3844,3858,3879,3898,3912,3926,3943,3954,3958,3961,3961,3959,3955,3950,3948,3946,3943,3942,3939,3919,3897,3891,3888,3882,3899,3905,3903,3901,3896,3887,3875,3867,3861,3851,3837,3823,3811,3802,3791,3782,3770,3762,3754,3747,3744,3737,3734,3731,3724,3714,3708,3705,3703,3698,3689,3677,3673,3674,3669,3664,3660,3654,3651,3651,3649,3647,3645,3639,3634,3633,3636,3636,3633,3631,3631,3630,3629,3627,3623,3622,3622,3623,3623,3620,3616,3610,3603,3593,3584,3577,3572,3563,3557,3551,3544,3533,3521,3508,3498,3485,3470,3460,3453,3444,3434,3429,3423,3417,3410,3409,3410,3410,3409,3409,3409,3414,3421,3430,3437,3438,3433,3425,3421,3421,3419,3418,3419,3424,3434,3450,3461,3467,3476,3489,3500,3509,3518,3527,3541,3551,3561,3571,3585,3595,3602,3610,3618,3624,3630,3637,3649,3661,3673,3683,3687,3690,3694,3691,3685,3686,3690,3691,3699,3697,3676,3666,3667,3671,3677,3681,3676,3669,3666,3664,3669,3675,3673,3673
3421,3420,3420,3419,3417,3416,3416,3418,3422,3425,3427,3428,3429,3431,3436,3438,3438,3441,3444,3449,3456,3460,3461,3464,3470,3474,3480,3488,3498,3504,3508,3516,3527,3543,3567,3583,3593,3603,3616,3626,3639,3644,3650,3661,3669,3677,3687,3694,3699,3706,3713,3719,3724,3724,3720,3713,3703,3693,3684,3680,3679,3678,3683,3689,3694,3702,3707,3709,3712,3719,3730,3745,3763,3778,3789,3797,3811,3827,3838,3850,3868,3886,3902,3919,3939,3953,3958,3964,3971,3979,3985,3986,3981,3968,3962,3959,3961,3944,3939,3935,3930,3918,3916,3909,3900,3894,3888,3879,3869,3859,3849,3841,3827,3817,3810,3803,3794,3785,3770,3759,3754,3751,3750,3742,3736,3733,3729,3720,3713,3710,3705,3700,3694,3682,3679,3677,3669,3661,3659,3654,3652,3652,3649,3648,3646,3641,3637,3638,3639,3637,3634,3632,3632,3629,3627,3625,3622,3621,3621,3621,3620,3618,3614,3607,3601,3593,3583,3577,3572,3564,3556,3548,3540,3527,3515,3503,3493,3480,3467,3459,3451,3443,3435,3430,3425,3418,3415,3416,3416,3417,3416,3414,3414,3417,3424,3434,3441,3443,3438,3429,3426,3425,3424,3422,3422,3426,3435,3449,3461,3468,3477,3491,3501,3512,3522,3532,3544,3553,3562,3572,3586,3596,3605,3615,3624,3632,3640,3647,3659,3669,3678,3684,3690,3696,3702,3703,3704,3708,3713,3716,3724,3727,3718,3707,3702,3702,3708,3710,3700,3687,3682,3678,3684,3691,3693,3695
3410,3407,3405,3404,3404,3407,3410,3414,3417,3418,3420,3420,3422,3425,3430,3433,3432,3435,3438,3442,3447,3451,3453,3455,3461,3467,3473,3482,3492,3503,3508,3517,3530,3547,3566,3580,3587,3596,3611,3620,3629,3634,3640,3653,3663,3671,3679,3685,3690,3695,3703,3707,3711,3710,3705,3698,3689,3680,3672,3669,3671,3674,3679,3685,3689,3694,3700,3703,3703,3709,3723,3739,3757,3770,3778,3787,3803,3820,3833,3844,3860,3876,3891,3910,3933,3948,3957,3966,3977,3990,4001,4010,4010,3999,3992,3986,3990,3974,3979,3965,3957,3940,3921,3906,3892,3883,3876,3867,3858,3848,3836,3829,3819,3812,3809,3803,3797,3789,3768,3756,3752,3750,3749,3742,3738,3737,3736,3729,3720,3714,3704,3699,3697,3688,3684,3680,3669,3659,3657,3655,3653,3653,3649,3648,3648,3645,3642,3641,3641,3639,3636,3634,3633,3630,3626,3623,3620,3621,3620,3617,3616,3615,3611,3605,3600,3593,3582,3575,3571,3563,3554,3545,3535,3523,3511,3500,3491,3476,3464,3457,3450,3442,3436,3432,3427,3422,3422,3425,3424,3425,3423,3420,3419,3421,3427,3438,3445,3448,3444,3437,3433,3430,3427,3425,3425,3428,3437,3450,3462,3470,3478,3491,3501,3514,3526,3537,3548,3557,3565,3575,3586,3595,3607,3619,3629,3638,3645,3651,3660,3668,3676,3682,3688,3694,3701,3705,3708,3713,3718,3724,3731,3737,3741,3741,3739,3734,3736,3739,3733,3725,3720,3710,3708,3713,3725,3727
3397,3395,3394,3393,3396,3400,3405,3409,3409,3409,3411,3413,3417,3421,3425,3428,3428,3430,3432,3436,3441,3445,3448,3451,3455,3460,3465,3474,3486,3498,3506,3516,3528,3545,3563,3576,3584,3593,3605,3613,3619,3625,3632,3643,3654,3663,3671,3678,3683,3687,3692,3694,3695,3693,3689,3682,3676,3670,3664,3662,3665,3669,3674,3678,3680,3683,3688,3689,3689,3696,3711,3726,3740,3752,3765,3778,3795,3811,3826,3838,3853,3869,3883,3898,3922,3941,3955,3967,3980,3993,4006,4016,4021,4023,4019,4016,4020,4009,4006,3980,3961,3936,3917,3900,3884,3873,3863,3853,3846,3838,3828,3822,3816,3810,3806,3802,3796,3789,3769,3756,3751,3748,3745,3740,3740,3740,3740,3733,3725,3718,3708,3702,3701,3695,3688,3682,3673,3662,3657,3655,3655,3653,3650,3648,3649,3648,3645,3642,3641,3639,3637,3636,3634,3631,3627,3623,3620,3621,3619,3615,3613,3612,3609,3605,3600,3589,3578,3572,3568,3560,3551,3542,3532,3520,3507,3498,3489,3474,3463,3455,3448,3442,3437,3434,3430,3428,3432,3434,3433,3433,3431,3427,3426,3428,3433,3442,3450,3452,3451,3447,3441,3436,3432,3429,3428,3432,3440,3452,3463,3472,3480,3491,3503,3517,3529,3542,3551,3559,3568,3578,3587,3594,3606,3620,3630,3638,3645,3651,3656,3665,3674,3680,3685,3690,3697,3704,3708,3712,3717,3723,3730,3735,3742,3750,3756,3757,3760,3768,3771,3772,3769,3762,3758,3762,3768,3759
3387,3386,3386,3387,3390,3394,3400,3403,3401,3402,3405,3409,3414,3418,3420,3424,3427,3427,3428,3431,3437,3440,3443,3448,3451,3456,3461,3470,3481,3493,3505,3515,3528,3547,3562,3573,3582,3591,3601,3605,3611,3618,3625,3634,3645,3653,3661,3671,3676,3679,3682,3681,3679,3677,3674,3667,3660,3657,3654,3655,3659,3664,3668,3671,3672,3673,3673,3672,3675,3684,3698,3714,3726,3733,3748,3768,3787,3804,3821,3834,3848,3864,3875,3889,3915,3937,3950,3965,3980,3992,4001,4012,4018,4025,4031,4032,4030,4022,4006,3982,3954,3927,3909,3892,3876,3863,3851,3840,3832,3827,3820,3816,3811,3806,3803,3797,3792,3785,3769,3756,3750,3747,3742,3741,3744,3742,3736,3730,3725,3721,3713,3707,3707,3704,3694,3685,3680,3669,3661,3661,3658,3654,3651,3647,3648,3648,3646,3642,3640,3639,3639,3638,3636,3633,3630,3628,3624,3622,3620,3616,3611,3608,3607,3603,3596,3587,3576,3570,3565,3556,3547,3537,3528,3515,3500,3491,3483,3473,3463,3453,3445,3443,3439,3437,3436,3437,3443,3443,3439,3438,3438,3435,3434,3435,3439,3446,3452,3454,3455,3453,3448,3442,3438,3435,3432,3434,3441,3454,3466,3475,3483,3492,3506,3521,3533,3545,3555,3561,3570,3580,3588,3594,3605,3618,3630,3639,3646,3650,3655,3664,3673,3678,3683,3687,3693,3701,3706,3709,3714,3720,3726,3733,3741,3751,3759,3767,3775,3783,3787,3790,3794,3803,3813,3822,3814,3794
3379,3380,3382,3383,3385,3387,3392,3397,3398,3399,3402,3406,3411,3414,3416,3419,3426,3427,3427,3429,3433,3435,3438,3444,3448,3453,3458,3466,3477,3491,3505,3518,3533,3550,3560,3570,3579,3588,3596,3601,3605,3613,3620,3628,3636,3643,3651,3660,3665,3668,3668,3665,3662,3660,3659,3652,3648,3647,3646,3647,3652,3658,3663,3665,3665,3664,3661,3658,3664,3674,3687,3701,3716,3725,3738,3760,3781,3798,3816,3832,3845,3857,3869,3886,3913,3934,3947,3963,3979,3987,3996,4005,4012,4021,4030,4033,4030,4016,3999,3976,3949,3921,3898,3880,3865,3851,3838,3826,3819,3814,3811,3808,3805,3801,3797,3791,3785,3779,3766,3754,3749,3746,3742,3743,3745,3738,3728,3723,3720,3718,3714,3709,3711,3710,3702,3688,3683,3676,3670,3671,3662,3656,3652,3648,3647,3648,3646,3643,3641,3640,3639,3639,3640,3637,3634,3633,3628,3623,3621,3618,3611,3606,3605,3603,3594,3585,3576,3569,3562,3549,3539,3530,3520,3507,3491,3482,3475,3468,3459,3450,3444,3442,3441,3440,3442,3447,3451,3450,3446,3446,3444,3444,3442,3440,3442,3448,3454,3457,3457,3455,3451,3446,3442,3440,3437,3435,3441,3455,3469,3479,3484,3492,3506,3522,3535,3547,3558,3564,3571,3581,3589,3594,3603,3615,3628,3638,3646,3650,3656,3663,3669,3675,3680,3685,3691,3699,3703,3707,3713,3719,3726,3734,3741,3749,3757,3765,3773,3781,3788,3795,3805,3817,3829,3834,3834,3827
3375,3376,3379,3380,3379,3380,3385,3391,3396,3398,3399,3403,3407,3411,3413,3416,3424,3426,3426,3427,3428,3430,3434,3441,3445,3449,3454,3463,3474,3490,3507,3523,3538,3550,3557,3565,3575,3583,3591,3598,3602,3608,3614,3620,3628,3634,3641,3648,3655,3656,3654,3651,3646,3644,3642,3638,3639,3640,3641,3642,3645,3649,3655,3657,3657,3654,3651,3650,3657,3666,3673,3688,3709,3724,3739,3756,3774,3790,3810,3828,3841,3852,3869,3892,3920,3938,3950,3964,3975,3983,3989,3998,4005,4016,4023,4027,4024,4010,3995,3975,3949,3917,3887,3868,3854,3839,3824,3815,3810,3805,3802,3802,3799,3794,3788,3784,3778,3772,3760,3751,3747,3746,3742,3741,3743,3733,3726,3716,3713,3715,3713,3712,3714,3715,3709,3698,3682,3676,3673,3671,3663,3657,3653,3649,3648,3648,3647,3645,3644,3643,3640,3640,3645,3644,3638,3633,3629,3624,3620,3618,3612,3606,3604,3601,3593,3583,3575,3568,3560,3545,3534,3524,3513,3499,3485,3475,3469,3462,3454,3449,3446,3444,3444,3444,3448,3454,3458,3457,3457,3456,3452,3449,3447,3445,3446,3451,3457,3461,3461,3457,3452,3449,3446,3444,3441,3438,3441,3455,3470,3479,3486,3494,3507,3523,3535,3547,3559,3566,3574,3583,3589,3594,3601,3611,3622,3634,3643,3648,3653,3660,3666,3672,3678,3684,3691,3697,3700,3708,3714,3720,3725,3732,3739,3747,3754,3760,3767,3775,3784,3792,3805,3818,3829,3836,3840,3842
3373,3374,3376,3378,3377,3378,3381,3388,3394,3396,3397,3400,3404,3408,3412,3417,3421,3422,3422,3424,3426,3428,3433,3438,3442,3447,3455,3465,3477,3496,3512,3526,3540,3548,3553,3561,3570,3576,3583,3591,3595,3601,3608,3613,3620,3627,3633,3640,3647,3648,3645,3643,3633,3626,3624,3626,3631,3635,3636,3637,3638,3639,3642,3643,3643,3642,3641,3644,3652,3660,3665,3684,3710,3726,3740,3753,3765,3780,3806,3824,3839,3854,3874,3892,3918,3938,3949,3958,3969,3976,3981,3990,3999,4009,4015,4018,4017,4005,3992,3974,3949,3916,3878,3856,3845,3832,3820,3812,3807,3801,3796,3796,3795,3787,3781,3777,3772,3764,3753,3746,3744,3742,3737,3735,3737,3735,3730,3717,3711,3712,3711,3713,3718,3718,3712,3707,3687,3673,3671,3666,3660,3657,3653,3649,3646,3646,3646,3646,3645,3643,3641,3643,3647,3646,3638,3632,3628,3624,3619,3616,3612,3606,3601,3596,3591,3583,3576,3566,3557,3541,3529,3519,3508,3494,3482,3472,3465,3457,3452,3452,3450,3446,3447,3449,3456,3463,3466,3466,3466,3467,3462,3457,3454,3453,3454,3458,3462,3466,3467,3462,3454,3450,3449,3447,3444,3441,3442,3454,3467,3476,3485,3494,3506,3522,3534,3546,3559,3568,3576,3583,3589,3593,3598,3607,3619,3632,3641,3647,3653,3659,3665,3670,3677,3685,3690,3694,3699,3708,3715,3720,3724,3731,3740,3746,3751,3755,3759,3768,3777,3786,3798,3810,3823,3831,3836,3841
3371,3371,3373,3374,3374,3376,3381,3386,3392,3392,3393,3399,3404,3407,3411,3414,3416,3418,3419,3423,3426,3430,3434,3438,3442,3449,3459,3471,3482,3498,3512,3525,3536,3545,3549,3556,3562,3566,3573,3580,3588,3594,3602,3607,3614,3619,3625,3632,3638,3639,3637,3632,3620,3611,3611,3617,3624,3629,3632,3632,3630,3629,3630,3629,3631,3632,3633,3637,3645,3653,3663,3679,3701,3725,3741,3751,3761,3773,3797,3827,3849,3864,3878,3890,3909,3930,3943,3950,3959,3966,3972,3980,3991,4003,4008,4010,4009,4002,3990,3976,3955,3916,3867,3850,3841,3830,3822,3814,3809,3803,3793,3791,3789,3782,3773,3770,3765,3755,3745,3741,3740,3737,3730,3726,3728,3732,3729,3719,3711,3709,3709,3712,3719,3718,3712,3706,3696,3679,3669,3663,3659,3655,3651,3646,3644,3645,3645,3645,3644,3642,3642,3644,3645,3642,3635,3630,3626,3622,3617,3613,3609,3605,3599,3593,3586,3580,3573,3562,3551,3536,3524,3512,3501,3489,3480,3471,3463,3456,3454,3455,3453,3449,3451,3457,3464,3472,3476,3476,3476,3477,3472,3467,3465,3463,3463,3466,3469,3473,3475,3469,3460,3454,3452,3450,3447,3445,3444,3453,3464,3473,3482,3491,3505,3522,3534,3546,3558,3566,3575,3583,3589,3593,3599,3609,3622,3631,3640,3647,3656,3662,3667,3670,3675,3684,3689,3692,3698,3706,3713,3719,3724,3731,3738,3743,3748,3752,3756,3763,3770,3778,3788,3799,3810,3822,3828,3835
3368,3368,3368,3368,3370,3373,3378,3383,3389,3390,3392,3399,3406,3408,3410,3411,3413,3415,3418,3422,3427,3430,3433,3439,3445,3454,3465,3477,3486,3498,3511,3521,3530,3538,3544,3550,3555,3559,3566,3573,3578,3587,3596,3601,3605,3611,3616,3620,3624,3625,3623,3615,3606,3604,3609,3613,3617,3621,3623,3622,3619,3620,3621,3622,3622,3623,3624,3628,3634,3645,3659,3677,3694,3716,3743,3755,3763,3782,3809,3832,3850,3868,3881,3891,3906,3923,3934,3942,3950,3957,3963,3971,3982,3995,4002,4005,4005,4000,3986,3972,3956,3904,3864,3852,3841,3831,3825,3818,3812,3805,3794,3786,3781,3774,3765,3760,3754,3745,3739,3735,3734,3729,3722,3718,3720,3724,3722,3715,3710,3709,3708,3712,3716,3715,3712,3707,3697,3687,3676,3671,3659,3651,3649,3646,3645,3646,3647,3646,3643,3642,3642,3643,3643,3639,3634,3629,3625,3620,3616,3612,3607,3603,3601,3592,3582,3576,3568,3557,3546,3531,3518,3505,3493,3486,3479,3472,3463,3457,3457,3457,3455,3454,3458,3466,3473,3480,3485,3485,3486,3485,3479,3474,3473,3472,3469,3471,3474,3478,3482,3477,3467,3459,3455,3455,3453,3449,3448,3454,3464,3473,3484,3493,3507,3524,3538,3550,3559,3567,3576,3584,3589,3593,3600,3610,3625,3632,3638,3645,3654,3662,3668,3670,3675,3683,3688,3692,3698,3703,3709,3715,3722,3729,3736,3741,3745,3750,3756,3762,3768,3774,3780,3789,3799,3811,3819,3828
3365,3364,3363,3365,3369,3372,3376,3380,3386,3389,3393,3400,3407,3407,3408,3410,3412,3414,3417,3420,3425,3430,3434,3442,3452,3462,3473,3480,3487,3498,3510,3518,3525,3532,3538,3545,3549,3555,3562,3567,3572,3578,3584,3590,3596,3602,3607,3610,3611,3608,3605,3597,3591,3593,3600,3607,3610,3612,3611,3610,3609,3610,3613,3613,3612,3610,3613,3620,3629,3642,3661,3689,3709,3730,3751,3758,3766,3785,3805,3825,3849,3868,3880,3890,3904,3914,3923,3932,3940,3948,3957,3964,3973,3986,3996,4002,4003,3996,3976,3958,3942,3900,3868,3855,3841,3833,3827,3819,3812,3803,3791,3780,3773,3766,3759,3752,3746,3741,3735,3731,3726,3720,3716,3713,3715,3715,3713,3709,3707,3707,3709,3708,3711,3711,3711,3705,3697,3690,3683,3681,3663,3651,3649,3648,3648,3648,3645,3644,3641,3640,3641,3644,3642,3636,3631,3628,3624,3619,3615,3612,3606,3601,3600,3594,3580,3569,3560,3550,3539,3523,3512,3501,3492,3485,3480,3473,3464,3460,3458,3459,3460,3463,3468,3473,3480,3489,3495,3495,3492,3490,3485,3481,3481,3478,3473,3475,3480,3487,3488,3483,3472,3464,3461,3460,3458,3454,3452,3456,3464,3473,3484,3497,3511,3526,3539,3549,3558,3566,3576,3582,3588,3595,3602,3612,3626,3632,3637,3642,3650,3659,3666,3669,3675,3682,3688,3695,3700,3704,3709,3714,3719,3727,3734,3740,3743,3748,3755,3762,3768,3771,3775,3783,3792,3803,3813,3822
3362,3360,3360,3364,3367,3370,3374,3377,3383,3391,3396,3399,3403,3404,3406,3408,3409,3412,3414,3415,3421,3431,3439,3450,3460,3468,3477,3484,3490,3499,3508,3517,3523,3526,3532,3538,3544,3551,3556,3559,3564,3570,3573,3579,3585,3592,3598,3600,3597,3593,3589,3580,3576,3579,3589,3601,3604,3603,3600,3599,3599,3598,3600,3602,3601,3602,3605,3614,3622,3634,3662,3701,3729,3743,3751,3763,3779,3794,3806,3822,3849,3861,3872,3882,3896,3905,3912,3920,3930,3938,3948,3956,3965,3980,3992,3998,4001,3994,3974,3954,3940,3904,3875,3857,3844,3836,3830,3820,3810,3798,3785,3775,3766,3759,3753,3746,3742,3737,3732,3725,3715,3710,3706,3710,3710,3710,3709,3709,3707,3706,3706,3704,3703,3703,3706,3699,3693,3685,3679,3678,3663,3651,3651,3650,3652,3649,3643,3641,3637,3635,3638,3644,3639,3630,3625,3624,3622,3619,3614,3609,3601,3595,3596,3591,3579,3564,3551,3540,3527,3516,3509,3500,3492,3484,3476,3470,3465,3461,3461,3462,3466,3471,3474,3480,3488,3495,3501,3502,3500,3496,3492,3489,3487,3483,3478,3481,3486,3491,3494,3490,3479,3470,3465,3464,3461,3457,3455,3458,3463,3473,3484,3498,3512,3525,3534,3542,3551,3563,3574,3582,3588,3596,3605,3615,3627,3632,3636,3641,3647,3656,3664,3668,3674,3683,3691,3699,3703,3707,3710,3714,3720,3725,3730,3737,3743,3748,3756,3761,3765,3768,3771,3777,3787,3798,3809,3818
3356,3356,3358,3363,3366,3369,3373,3376,3383,3389,3392,3395,3398,3400,3402,3404,3406,3412,3415,3417,3427,3437,3446,3456,3464,3473,3481,3490,3495,3499,3506,3514,3520,3524,3527,3532,3539,3546,3549,3551,3556,3562,3566,3571,3577,3585,3588,3590,3587,3582,3577,3570,3566,3570,3580,3590,3591,3589,3589,3588,3588,3586,3586,3587,3590,3594,3599,3608,3617,3626,3641,3695,3735,3734,3741,3765,3784,3797,3810,3826,3840,3852,3865,3876,3886,3894,3902,3908,3916,3930,3942,3951,3961,3977,3988,3994,3998,3995,3979,3957,3940,3907,3882,3867,3851,3841,3832,3821,3811,3800,3785,3769,3758,3753,3747,3741,3737,3731,3725,3715,3706,3701,3702,3703,3705,3704,3707,3709,3710,3708,3706,3703,3699,3699,3701,3697,3689,3683,3681,3677,3659,3650,3648,3649,3649,3647,3641,3638,3633,3631,3636,3644,3638,3628,3622,3620,3617,3616,3611,3604,3599,3593,3587,3584,3576,3557,3547,3537,3522,3512,3507,3500,3491,3480,3473,3470,3468,3466,3464,3468,3474,3479,3485,3491,3500,3503,3505,3507,3508,3506,3502,3498,3495,3494,3490,3492,3496,3498,3499,3496,3487,3476,3469,3466,3462,3458,3454,3456,3462,3470,3481,3496,3510,3522,3532,3538,3548,3560,3572,3584,3591,3597,3606,3617,3627,3632,3636,3641,3647,3654,3663,3668,3678,3688,3696,3699,3704,3707,3710,3713,3717,3721,3724,3730,3739,3746,3753,3758,3761,3764,3767,3773,3780,3790,3802,3813
3350,3354,3358,3363,3366,3368,3371,3374,3379,3383,3387,3390,3394,3396,3399,3402,3407,3415,3419,3425,3434,3443,3453,3461,3468,3476,3483,3491,3495,3498,3503,3510,3515,3520,3525,3529,3534,3540,3543,3544,3548,3554,3559,3563,3570,3575,3582,3580,3576,3570,3566,3561,3560,3566,3573,3579,3578,3574,3573,3575,3575,3574,3573,3574,3577,3582,3588,3597,3606,3617,3635,3677,3713,3713,3722,3742,3768,3785,3802,3818,3833,3845,3858,3868,3875,3881,3890,3898,3907,3919,3933,3947,3962,3973,3983,3994,3999,3998,3984,3964,3942,3916,3891,3873,3859,3847,3839,3828,3815,3802,3783,3764,3753,3748,3742,3736,3731,3726,3720,3711,3706,3704,3704,3704,3703,3703,3706,3709,3710,3711,3710,3706,3701,3699,3701,3694,3687,3683,3682,3681,3668,3656,3651,3645,3643,3641,3639,3634,3630,3629,3635,3641,3636,3623,3620,3618,3615,3613,3606,3600,3597,3590,3581,3577,3569,3554,3545,3534,3523,3511,3505,3498,3488,3477,3471,3472,3473,3473,3470,3473,3481,3489,3496,3502,3508,3513,3514,3515,3516,3517,3513,3508,3504,3505,3508,3506,3506,3503,3504,3504,3497,3485,3475,3469,3466,3462,3458,3459,3464,3471,3482,3493,3504,3517,3530,3538,3546,3557,3570,3582,3591,3596,3605,3614,3625,3631,3636,3642,3646,3653,3665,3675,3685,3695,3700,3705,3708,3708,3707,3708,3710,3714,3718,3724,3732,3740,3746,3752,3756,3758,3761,3767,3774,3782,3793,3806
3349,3354,3359,3364,3367,3368,3369,3372,3377,3380,3384,3389,3391,3393,3398,3404,3411,3416,3423,3432,3443,3452,3461,3467,3471,3477,3485,3491,3493,3496,3500,3504,3510,3516,3522,3525,3528,3532,3537,3539,3540,3541,3548,3555,3561,3566,3569,3568,3562,3556,3552,3552,3556,3558,3562,3566,3565,3560,3557,3558,3562,3561,3559,3562,3566,3572,3578,3586,3598,3606,3640,3705,3708,3710,3722,3739,3753,3775,3795,3811,3824,3834,3844,3854,3863,3870,3878,3889,3899,3910,3924,3941,3955,3968,3983,3996,4004,4002,3988,3971,3953,3928,3903,3880,3862,3852,3842,3834,3821,3802,3782,3767,3755,3749,3744,3737,3734,3731,3718,3708,3708,3708,3709,3710,3707,3706,3708,3709,3710,3712,3712,3708,3702,3697,3694,3687,3681,3679,3680,3681,3671,3658,3652,3644,3638,3637,3635,3631,3629,3632,3639,3637,3624,3617,3616,3618,3614,3608,3602,3598,3595,3585,3576,3570,3562,3549,3539,3532,3522,3511,3502,3495,3486,3477,3472,3474,3475,3475,3475,3480,3489,3497,3504,3510,3518,3524,3525,3522,3524,3524,3521,3514,3514,3518,3517,3516,3510,3510,3514,3512,3505,3495,3481,3469,3466,3464,3462,3461,3465,3471,3479,3489,3500,3516,3528,3536,3547,3557,3568,3578,3587,3595,3604,3614,3622,3628,3633,3639,3645,3655,3668,3678,3689,3697,3703,3707,3708,3707,3703,3703,3704,3709,3714,3720,3727,3735,3741,3746,3750,3753,3756,3762,3770,3778,3788,3799
3352,3356,3361,3365,3366,3367,3370,3376,3379,3381,3386,3391,3392,3395,3402,3412,3419,3426,3434,3443,3452,3459,3466,3471,3475,3481,3488,3492,3492,3494,3498,3502,3506,3513,3519,3520,3520,3523,3529,3532,3534,3536,3542,3548,3554,3559,3558,3557,3552,3546,3540,3539,3541,3543,3546,3552,3553,3550,3545,3547,3549,3549,3549,3552,3559,3566,3572,3584,3597,3613,3656,3699,3703,3710,3724,3741,3759,3776,3791,3804,3816,3823,3830,3842,3853,3862,3870,3881,3896,3910,3922,3936,3953,3970,3983,3994,4001,4009,4008,3991,3969,3942,3920,3900,3880,3861,3848,3838,3824,3802,3785,3774,3763,3755,3751,3745,3740,3736,3723,3716,3712,3711,3714,3716,3714,3711,3710,3710,3712,3714,3714,3710,3702,3694,3687,3680,3674,3673,3673,3673,3664,3653,3649,3642,3638,3636,3633,3629,3629,3633,3635,3630,3618,3613,3614,3614,3609,3603,3598,3593,3589,3581,3571,3562,3555,3544,3535,3529,3520,3508,3500,3491,3484,3478,3475,3475,3477,3477,3479,3485,3497,3504,3513,3521,3528,3534,3531,3527,3525,3525,3521,3522,3524,3530,3537,3532,3530,3538,3533,3523,3514,3505,3490,3477,3469,3466,3462,3460,3464,3470,3478,3490,3503,3516,3526,3537,3547,3556,3564,3573,3584,3594,3603,3612,3619,3625,3631,3637,3644,3657,3669,3677,3687,3695,3700,3701,3701,3701,3698,3696,3696,3701,3707,3714,3722,3731,3738,3742,3746,3749,3754,3760,3766,3775,3783,3793
3355,3356,3358,3362,3366,3370,3374,3378,3382,3384,3390,3396,3400,3404,3412,3420,3430,3439,3447,3454,3460,3466,3473,3478,3482,3485,3488,3490,3491,3492,3495,3499,3503,3507,3511,3513,3515,3517,3519,3524,3528,3532,3537,3542,3547,3550,3549,3545,3538,3530,3527,3527,3527,3531,3536,3541,3541,3538,3537,3537,3537,3537,3539,3546,3555,3563,3569,3578,3592,3616,3637,3663,3692,3706,3725,3743,3758,3775,3785,3795,3807,3812,3821,3832,3844,3854,3863,3873,3889,3909,3924,3937,3955,3971,3981,3992,4003,4014,4016,4006,3984,3956,3936,3920,3898,3875,3861,3849,3828,3808,3794,3783,3769,3762,3757,3750,3743,3738,3730,3724,3719,3714,3716,3717,3716,3714,3714,3715,3718,3719,3716,3712,3704,3693,3681,3675,3671,3669,3667,3664,3658,3649,3644,3641,3637,3634,3631,3628,3626,3629,3630,3624,3616,3612,3611,3610,3604,3600,3595,3588,3581,3577,3568,3557,3550,3543,3533,3526,3517,3505,3497,3489,3482,3477,3476,3477,3478,3483,3488,3495,3503,3511,3519,3527,3535,3539,3537,3531,3527,3528,3530,3534,3540,3554,3565,3562,3562,3563,3554,3542,3526,3513,3500,3483,3473,3465,3461,3461,3466,3472,3479,3488,3500,3513,3524,3534,3544,3553,3562,3570,3580,3591,3602,3609,3616,3624,3632,3640,3651,3661,3669,3675,3681,3689,3694,3695,3695,3692,3690,3688,3687,3692,3697,3705,3716,3725,3730,3734,3737,3743,3750,3755,3762,3768,3776,3785
3355,3355,3357,3362,3366,3371,3376,3380,3385,3390,3397,3404,3414,3419,3426,3432,3438,3448,3457,3463,3468,3474,3479,3482,3484,3485,3486,3486,3488,3490,3492,3495,3498,3500,3502,3506,3509,3510,3510,3512,3519,3525,3532,3537,3541,3542,3538,3529,3521,3515,3516,3517,3520,3524,3529,3530,3527,3524,3524,3525,3524,3526,3533,3542,3553,3562,3567,3572,3596,3621,3638,3662,3687,3700,3717,3736,3751,3766,3780,3788,3794,3799,3806,3815,3828,3838,3847,3863,3885,3901,3917,3935,3957,3969,3979,3990,4003,4018,4021,4013,3992,3964,3950,3940,3918,3885,3872,3860,3842,3821,3805,3791,3777,3767,3761,3755,3746,3739,3732,3727,3721,3713,3711,3716,3716,3715,3715,3721,3725,3726,3719,3709,3702,3690,3677,3672,3668,3666,3664,3662,3655,3645,3639,3635,3634,3634,3631,3627,3623,3624,3623,3617,3612,3611,3610,3606,3603,3597,3591,3583,3576,3572,3563,3553,3548,3541,3531,3522,3514,3504,3496,3490,3483,3478,3477,3477,3479,3486,3493,3501,3509,3517,3523,3530,3537,3541,3542,3539,3537,3539,3546,3552,3564,3584,3599,3593,3590,3589,3576,3558,3539,3521,3506,3488,3477,3468,3462,3464,3465,3470,3475,3482,3496,3507,3517,3528,3540,3549,3558,3566,3575,3587,3598,3606,3613,3625,3634,3642,3654,3660,3665,3670,3675,3683,3688,3689,3687,3684,3681,3679,3679,3683,3687,3694,3704,3716,3723,3727,3731,3737,3743,3750,3756,3763,3771,3778
3355,3357,3360,3363,3367,3372,3377,3382,3389,3396,3404,3415,3426,3433,3437,3440,3446,3454,3462,3469,3473,3476,3479,3480,3481,3483,3484,3484,3485,3486,3487,3490,3493,3493,3496,3501,3504,3503,3501,3503,3509,3517,3523,3527,3530,3530,3526,3518,3510,3507,3509,3510,3512,3516,3520,3516,3512,3509,3509,3511,3514,3520,3530,3540,3550,3561,3570,3571,3596,3630,3646,3664,3682,3697,3712,3725,3742,3758,3772,3779,3782,3785,3791,3800,3815,3827,3839,3857,3876,3893,3908,3925,3944,3962,3976,3988,4001,4019,4028,4024,4009,3986,3968,3952,3929,3902,3884,3870,3853,3831,3813,3799,3787,3776,3767,3762,3752,3743,3736,3730,3724,3714,3710,3715,3717,3718,3720,3728,3733,3735,3726,3713,3697,3685,3677,3672,3667,3661,3659,3658,3654,3644,3634,3632,3633,3633,3630,3624,3618,3619,3619,3614,3609,3607,3605,3602,3598,3592,3587,3580,3574,3570,3562,3552,3546,3540,3530,3518,3510,3499,3493,3489,3484,3479,3478,3479,3483,3489,3497,3504,3514,3522,3526,3529,3537,3543,3548,3554,3556,3564,3570,3579,3590,3609,3621,3617,3613,3604,3590,3569,3549,3529,3510,3493,3480,3471,3467,3466,3466,3469,3474,3479,3492,3504,3514,3527,3536,3545,3554,3561,3569,3580,3591,3601,3611,3622,3632,3641,3650,3655,3660,3665,3671,3679,3682,3683,3683,3681,3676,3672,3671,3674,3680,3687,3694,3705,3713,3719,3723,3730,3736,3741,3749,3755,3764,3773
3358,3362,3364,3365,3370,3375,3378,3385,3396,3404,3415,3426,3436,3441,3445,3446,3451,3459,3466,3471,3473,3473,3475,3475,3476,3479,3480,3480,3479,3478,3481,3485,3487,3487,3490,3494,3496,3496,3496,3497,3501,3508,3513,3517,3517,3517,3514,3508,3503,3501,3502,3503,3504,3508,3509,3504,3500,3498,3497,3500,3505,3516,3530,3541,3550,3567,3580,3589,3612,3632,3646,3665,3685,3698,3707,3719,3736,3748,3760,3767,3771,3776,3782,3796,3815,3830,3840,3856,3873,3892,3914,3930,3941,3952,3963,3976,3997,4018,4027,4030,4023,4004,3984,3964,3938,3912,3892,3876,3858,3839,3820,3806,3794,3783,3775,3771,3760,3749,3740,3735,3730,3723,3714,3719,3721,3726,3735,3739,3742,3742,3730,3711,3693,3681,3676,3671,3663,3656,3653,3652,3651,3642,3632,3632,3634,3632,3628,3619,3615,3616,3617,3613,3607,3604,3601,3599,3594,3588,3584,3578,3572,3566,3560,3552,3545,3537,3527,3516,3507,3495,3490,3490,3486,3480,3479,3482,3486,3493,3501,3508,3517,3523,3528,3531,3539,3546,3554,3568,3574,3582,3594,3602,3613,3630,3637,3632,3624,3613,3597,3579,3559,3538,3518,3501,3488,3478,3469,3464,3465,3469,3472,3478,3488,3500,3513,3524,3531,3539,3548,3556,3563,3574,3584,3596,3609,3620,3630,3637,3646,3651,3653,3658,3666,3674,3677,3678,3678,3675,3670,3667,3665,3667,3673,3679,3685,3691,3701,3708,3714,3720,3726,3731,3739,3748,3757,3766
3362,3366,3368,3371,3378,3383,3388,3397,3409,3418,3428,3437,3442,3447,3450,3451,3456,3462,3467,3470,3470,3470,3471,3471,3471,3474,3475,3474,3471,3471,3475,3480,3482,3483,3484,3487,3488,3489,3491,3493,3494,3499,3505,3507,3507,3506,3502,3498,3494,3492,3494,3496,3499,3500,3498,3492,3490,3489,3490,3494,3501,3512,3529,3543,3550,3565,3585,3598,3614,3627,3640,3660,3685,3697,3703,3714,3730,3739,3747,3752,3759,3765,3775,3790,3811,3828,3839,3855,3873,3896,3913,3925,3933,3939,3950,3964,3984,4007,4021,4026,4021,4006,3988,3969,3948,3926,3906,3886,3867,3846,3828,3817,3804,3791,3785,3780,3772,3761,3749,3741,3740,3736,3730,3731,3732,3735,3744,3750,3752,3748,3731,3710,3692,3678,3671,3664,3657,3650,3647,3645,3645,3638,3632,3631,3632,3629,3624,3618,3615,3615,3614,3610,3603,3601,3600,3598,3592,3586,3581,3577,3570,3563,3557,3551,3543,3535,3524,3514,3505,3494,3491,3491,3487,3482,3481,3486,3490,3499,3506,3512,3519,3525,3530,3537,3550,3565,3578,3589,3591,3598,3611,3619,3631,3650,3658,3654,3641,3623,3604,3586,3568,3550,3530,3509,3495,3483,3473,3466,3465,3468,3472,3477,3484,3495,3509,3520,3525,3533,3541,3550,3560,3568,3578,3590,3604,3616,3626,3634,3642,3647,3649,3654,3662,3667,3669,3670,3672,3668,3661,3660,3659,3660,3664,3670,3675,3680,3690,3697,3701,3709,3716,3722,3730,3740,3751,3761
3366,3370,3373,3382,3392,3399,3405,3412,3422,3433,3439,3445,3449,3452,3453,3454,3458,3462,3464,3465,3465,3467,3468,3468,3468,3469,3469,3467,3465,3466,3470,3476,3476,3477,3479,3482,3482,3483,3486,3488,3490,3494,3498,3499,3498,3496,3490,3486,3483,3480,3484,3489,3493,3492,3487,3482,3482,3484,3487,3494,3504,3515,3529,3542,3550,3569,3590,3602,3613,3626,3644,3663,3681,3693,3701,3714,3725,3731,3733,3736,3745,3754,3767,3783,3802,3818,3833,3851,3870,3888,3901,3912,3921,3931,3942,3958,3975,3993,4008,4016,4016,4006,3989,3973,3956,3934,3910,3888,3870,3854,3839,3829,3816,3803,3793,3788,3780,3772,3759,3751,3748,3747,3746,3746,3746,3746,3751,3757,3759,3751,3729,3711,3694,3674,3662,3655,3650,3645,3641,3638,3639,3635,3632,3630,3629,3627,3623,3619,3615,3613,3610,3605,3601,3601,3601,3599,3591,3584,3580,3576,3570,3562,3555,3549,3542,3533,3522,3512,3503,3494,3491,3490,3488,3484,3484,3490,3498,3506,3513,3519,3525,3529,3535,3543,3557,3579,3593,3602,3609,3616,3627,3632,3645,3667,3679,3672,3658,3642,3617,3593,3575,3558,3541,3521,3504,3491,3481,3471,3467,3469,3473,3478,3482,3490,3501,3510,3518,3526,3534,3544,3556,3565,3574,3584,3597,3610,3621,3630,3638,3644,3648,3654,3659,3659,3659,3662,3666,3662,3655,3653,3653,3653,3656,3661,3666,3673,3681,3689,3694,3702,3710,3717,3725,3736,3753,3765
3370,3374,3380,3391,3403,3412,3417,3421,3432,3442,3446,3450,3454,3454,3454,3454,3455,3458,3458,3458,3460,3462,3464,3463,3464,3466,3464,3460,3460,3462,3466,3471,3470,3470,3472,3477,3478,3478,3480,3482,3485,3489,3490,3491,3490,3486,3480,3476,3472,3470,3475,3481,3484,3482,3478,3473,3475,3482,3488,3498,3510,3521,3532,3545,3567,3585,3598,3608,3618,3632,3647,3662,3676,3687,3699,3711,3719,3722,3723,3728,3737,3746,3761,3776,3791,3807,3827,3846,3864,3880,3890,3900,3909,3922,3935,3947,3962,3978,3990,4002,4010,4007,3994,3973,3957,3941,3917,3892,3875,3862,3848,3835,3822,3809,3800,3795,3787,3777,3767,3761,3759,3758,3757,3756,3757,3758,3762,3764,3764,3751,3728,3710,3688,3670,3657,3650,3645,3640,3635,3632,3631,3630,3628,3627,3626,3624,3620,3617,3613,3611,3609,3604,3600,3600,3600,3597,3589,3584,3582,3578,3572,3562,3554,3548,3542,3532,3521,3510,3503,3495,3492,3490,3487,3486,3489,3494,3501,3509,3517,3524,3530,3535,3541,3550,3564,3586,3603,3613,3623,3632,3640,3646,3663,3689,3696,3684,3667,3654,3630,3603,3582,3565,3550,3532,3515,3500,3489,3478,3472,3471,3475,3480,3482,3485,3492,3503,3513,3523,3530,3539,3552,3562,3571,3580,3592,3605,3616,3626,3635,3642,3649,3653,3654,3652,3652,3655,3659,3657,3650,3649,3648,3647,3650,3655,3661,3670,3678,3685,3692,3702,3710,3715,3722,3739,3759,3774
3373,3378,3386,3395,3406,3415,3421,3426,3435,3443,3448,3452,3454,3453,3452,3452,3453,3454,3453,3452,3454,3456,3458,3458,3460,3460,3459,3457,3457,3459,3462,3465,3465,3464,3467,3471,3475,3476,3477,3479,3481,3485,3485,3485,3483,3477,3473,3467,3462,3462,3466,3471,3473,3472,3469,3466,3471,3481,3489,3501,3514,3525,3536,3561,3586,3598,3606,3616,3624,3636,3647,3659,3672,3683,3691,3699,3707,3711,3715,3723,3732,3740,3753,3769,3783,3801,3822,3843,3856,3869,3880,3889,3899,3911,3922,3934,3945,3960,3974,3986,3995,4002,3995,3978,3962,3950,3930,3901,3878,3864,3850,3837,3825,3815,3808,3804,3794,3781,3772,3769,3768,3767,3764,3763,3765,3768,3773,3771,3766,3746,3724,3707,3679,3668,3655,3646,3643,3637,3631,3627,3624,3622,3621,3624,3624,3621,3617,3615,3611,3609,3608,3605,3600,3598,3596,3593,3588,3585,3582,3577,3572,3562,3553,3548,3541,3531,3521,3512,3507,3500,3496,3491,3487,3489,3493,3496,3499,3508,3520,3528,3534,3541,3551,3562,3574,3592,3612,3624,3633,3644,3652,3665,3688,3712,3715,3698,3681,3666,3644,3615,3591,3574,3560,3544,3528,3510,3497,3486,3479,3475,3476,3479,3480,3483,3489,3499,3510,3518,3525,3534,3547,3555,3565,3578,3590,3600,3610,3622,3632,3640,3646,3650,3650,3647,3647,3649,3652,3651,3649,3649,3647,3646,3649,3654,3661,3671,3679,3686,3695,3708,3715,3719,3724,3742,3765,3776
3375,3380,3389,3397,3405,3412,3419,3425,3432,3440,3445,3449,3450,3449,3449,3449,3450,3450,3450,3449,3449,3451,3452,3453,3454,3455,3455,3455,3456,3457,3458,3460,3462,3462,3465,3468,3472,3475,3477,3477,3479,3480,3480,3479,3476,3470,3465,3456,3450,3450,3455,3461,3461,3460,3458,3462,3471,3480,3489,3503,3517,3529,3542,3570,3591,3603,3612,3621,3627,3635,3645,3657,3668,3677,3681,3684,3689,3694,3703,3716,3726,3734,3745,3764,3780,3794,3815,3836,3846,3856,3868,3876,3884,3894,3904,3918,3930,3945,3961,3972,3980,3990,3990,3983,3971,3958,3939,3912,3887,3866,3851,3840,3829,3821,3817,3811,3801,3787,3780,3777,3775,3773,3770,3769,3770,3775,3779,3778,3769,3746,3724,3706,3673,3664,3654,3642,3638,3634,3628,3626,3624,3620,3619,3622,3621,3618,3617,3617,3612,3609,3607,3606,3604,3601,3595,3589,3587,3583,3579,3573,3568,3561,3553,3546,3537,3528,3521,3517,3514,3507,3500,3493,3490,3493,3498,3499,3500,3510,3523,3533,3541,3549,3561,3573,3581,3596,3620,3634,3642,3654,3670,3689,3711,3730,3732,3715,3698,3680,3659,3628,3603,3586,3571,3554,3538,3522,3507,3495,3486,3481,3478,3478,3479,3482,3488,3496,3505,3512,3520,3530,3541,3549,3560,3577,3588,3596,3606,3618,3629,3634,3640,3644,3645,3644,3643,3645,3648,3649,3650,3650,3649,3649,3652,3656,3664,3676,3685,3693,3702,3714,3723,3726,3733,3749,3765,3774
3372,3377,3386,3395,3401,3407,3414,3420,3427,3433,3439,3443,3443,3444,3445,3444,3445,3446,3446,3445,3446,3448,3449,3449,3450,3449,3451,3453,3455,3455,3455,3458,3461,3462,3464,3465,3468,3471,3475,3476,3476,3475,3474,3472,3468,3463,3455,3444,3437,3438,3444,3449,3449,3448,3450,3459,3471,3480,3491,3504,3519,3533,3548,3570,3587,3603,3614,3621,3626,3631,3640,3650,3656,3662,3666,3669,3673,3681,3696,3712,3722,3726,3739,3759,3777,3790,3806,3822,3834,3844,3854,3862,3866,3874,3888,3904,3918,3934,3950,3961,3969,3978,3985,3985,3980,3967,3946,3924,3904,3881,3857,3844,3833,3827,3824,3819,3810,3799,3794,3789,3784,3778,3773,3774,3775,3778,3780,3782,3775,3751,3731,3707,3672,3661,3653,3642,3634,3630,3626,3628,3627,3622,3620,3621,3619,3616,3618,3619,3614,3609,3606,3608,3610,3607,3599,3591,3588,3584,3577,3570,3565,3559,3550,3540,3532,3526,3524,3523,3521,3514,3505,3498,3496,3499,3503,3505,3507,3516,3528,3544,3552,3559,3569,3578,3585,3601,3626,3639,3649,3666,3691,3712,3731,3745,3748,3731,3710,3692,3672,3645,3621,3602,3582,3560,3546,3532,3518,3504,3494,3486,3481,3480,3481,3484,3488,3494,3503,3509,3516,3527,3537,3544,3554,3572,3585,3593,3604,3615,3625,3630,3633,3637,3641,3641,3642,3645,3650,3652,3653,3653,3653,3654,3659,3665,3672,3683,3695,3702,3709,3723,3732,3736,3746,3760,3768,3778
3367,3372,3379,3387,3394,3401,3408,3415,3421,3427,3432,3434,3437,3439,3440,3440,3441,3442,3442,3443,3443,3445,3447,3447,3447,3446,3448,3451,3453,3452,3453,3456,3459,3460,3461,3461,3463,3466,3471,3472,3471,3471,3469,3466,3460,3453,3445,3433,3426,3428,3434,3438,3438,3441,3449,3460,3472,3483,3494,3507,3521,3538,3552,3570,3588,3603,3612,3614,3618,3623,3629,3634,3638,3642,3645,3650,3659,3672,3690,3710,3718,3718,3733,3756,3771,3785,3799,3812,3824,3832,3840,3848,3851,3862,3878,3893,3905,3922,3937,3949,3957,3968,3977,3983,3984,3975,3956,3936,3913,3884,3862,3848,3836,3830,3827,3823,3817,3811,3808,3802,3794,3784,3777,3777,3779,3777,3776,3779,3775,3756,3739,3713,3676,3660,3653,3644,3637,3630,3626,3627,3626,3624,3622,3622,3618,3615,3618,3618,3613,3609,3608,3613,3613,3611,3606,3597,3592,3588,3578,3570,3565,3556,3545,3533,3527,3526,3528,3529,3526,3518,3510,3503,3502,3505,3508,3512,3517,3526,3538,3556,3564,3570,3577,3583,3590,3606,3628,3641,3651,3670,3703,3725,3743,3755,3758,3744,3724,3705,3686,3662,3640,3619,3594,3571,3557,3543,3527,3513,3501,3490,3483,3481,3485,3490,3495,3500,3505,3509,3514,3525,3536,3542,3551,3567,3582,3590,3602,3612,3622,3628,3630,3632,3639,3642,3645,3649,3656,3660,3660,3661,3664,3669,3675,3681,3687,3697,3709,3715,3720,3737,3745,3749,3761,3771,3777,3789
3362,3366,3372,3377,3386,3396,3404,3409,3415,3421,3425,3428,3432,3435,3436,3437,3439,3440,3440,3441,3441,3443,3444,3444,3445,3444,3445,3448,3449,3448,3449,3451,3453,3455,3458,3459,3458,3462,3466,3468,3468,3467,3463,3458,3450,3442,3434,3424,3419,3421,3425,3429,3432,3440,3452,3466,3478,3487,3497,3510,3524,3542,3555,3572,3590,3601,3606,3606,3608,3612,3614,3617,3620,3623,3624,3629,3644,3661,3680,3700,3710,3712,3729,3752,3764,3779,3793,3806,3816,3822,3826,3833,3839,3855,3870,3879,3892,3912,3925,3935,3945,3955,3965,3975,3979,3978,3964,3946,3922,3884,3864,3851,3839,3832,3829,3825,3820,3816,3816,3811,3803,3793,3784,3783,3782,3776,3772,3774,3772,3757,3743,3723,3685,3664,3653,3647,3644,3639,3633,3628,3624,3624,3623,3623,3620,3617,3620,3617,3611,3612,3615,3617,3612,3609,3607,3600,3593,3587,3577,3569,3564,3552,3538,3527,3525,3529,3533,3535,3530,3521,3512,3507,3509,3511,3513,3521,3529,3541,3552,3564,3572,3579,3583,3588,3595,3609,3629,3641,3654,3672,3706,3728,3743,3754,3760,3753,3737,3716,3697,3674,3654,3632,3609,3587,3572,3556,3538,3521,3507,3495,3486,3482,3488,3497,3506,3509,3510,3511,3514,3525,3536,3542,3552,3567,3581,3591,3603,3612,3621,3630,3633,3635,3643,3647,3650,3655,3662,3669,3672,3677,3682,3688,3696,3701,3706,3719,3729,3733,3738,3755,3763,3767,3777,3784,3792,3803
3358,3361,3365,3371,3381,3391,3399,3404,3410,3415,3420,3424,3428,3430,3432,3434,3437,3438,3438,3438,3438,3439,3440,3440,3441,3442,3442,3443,3445,3444,3444,3445,3448,3452,3456,3457,3456,3460,3462,3463,3464,3462,3455,3447,3438,3431,3423,3415,3412,3415,3419,3423,3431,3442,3456,3470,3482,3491,3500,3516,3531,3545,3557,3573,3588,3595,3597,3598,3600,3602,3602,3605,3608,3610,3610,3614,3628,3646,3666,3685,3700,3711,3728,3744,3759,3772,3784,3795,3805,3812,3814,3818,3826,3841,3857,3867,3882,3905,3915,3924,3933,3942,3951,3961,3969,3972,3964,3949,3929,3894,3870,3857,3844,3836,3830,3826,3821,3819,3820,3817,3810,3801,3792,3789,3786,3778,3773,3772,3768,3755,3740,3719,3690,3669,3657,3655,3657,3654,3648,3636,3630,3628,3627,3629,3627,3624,3624,3618,3613,3616,3620,3618,3610,3605,3603,3597,3588,3581,3572,3564,3558,3547,3533,3527,3530,3535,3539,3540,3534,3524,3516,3514,3517,3520,3522,3532,3543,3557,3567,3574,3581,3586,3587,3590,3598,3611,3627,3640,3656,3677,3703,3720,3734,3745,3754,3756,3742,3721,3701,3684,3667,3644,3621,3599,3584,3569,3552,3530,3515,3502,3490,3486,3491,3503,3513,3516,3517,3517,3518,3526,3536,3544,3554,3566,3580,3594,3606,3614,3624,3636,3640,3645,3653,3656,3659,3668,3677,3684,3694,3700,3705,3706,3713,3722,3731,3745,3747,3751,3761,3779,3786,3790,3797,3800,3809,3820
3354,3357,3361,3369,3378,3387,3395,3400,3408,3412,3416,3419,3423,3424,3426,3429,3431,3432,3432,3433,3433,3435,3435,3436,3438,3439,3438,3439,3440,3440,3440,3443,3446,3449,3453,3454,3454,3457,3459,3459,3458,3454,3444,3436,3428,3422,3413,3408,3407,3409,3413,3420,3432,3445,3459,3471,3483,3493,3503,3520,3536,3547,3557,3572,3581,3586,3585,3584,3585,3587,3590,3595,3597,3597,3601,3609,3619,3631,3649,3668,3689,3707,3722,3737,3753,3763,3772,3781,3791,3799,3802,3807,3816,3829,3843,3858,3874,3895,3904,3912,3920,3928,3938,3947,3955,3960,3958,3948,3927,3903,3883,3864,3850,3840,3831,3827,3824,3822,3822,3821,3816,3808,3797,3792,3788,3782,3776,3773,3764,3749,3731,3707,3691,3676,3666,3669,3673,3670,3664,3650,3642,3641,3638,3640,3639,3634,3628,3621,3619,3621,3622,3617,3609,3606,3601,3595,3585,3576,3568,3558,3548,3540,3532,3534,3541,3545,3547,3545,3539,3529,3524,3521,3522,3530,3536,3547,3558,3569,3578,3585,3591,3592,3591,3594,3603,3612,3624,3639,3655,3674,3695,3708,3721,3734,3748,3754,3743,3725,3704,3690,3676,3655,3633,3610,3593,3578,3560,3537,3523,3509,3497,3492,3497,3508,3518,3523,3526,3525,3524,3527,3535,3544,3553,3565,3579,3596,3610,3619,3631,3644,3650,3657,3668,3670,3675,3693,3704,3714,3725,3725,3730,3728,3733,3747,3759,3770,3771,3778,3794,3803,3807,3812,3816,3819,3829,3839
3351,3354,3359,3367,3377,3384,3391,3397,3405,3409,3412,3415,3417,3417,3419,3421,3423,3424,3424,3426,3430,3432,3431,3431,3433,3434,3435,3436,3437,3436,3438,3442,3445,3447,3449,3450,3450,3453,3455,3454,3450,3443,3432,3425,3418,3412,3406,3404,3404,3405,3409,3420,3436,3449,3463,3474,3484,3494,3503,3518,3533,3545,3555,3568,3574,3574,3571,3569,3569,3571,3575,3580,3580,3581,3589,3602,3615,3622,3638,3661,3684,3698,3710,3728,3744,3751,3759,3768,3777,3783,3788,3798,3811,3825,3836,3848,3863,3881,3891,3899,3908,3914,3923,3932,3940,3946,3950,3946,3934,3919,3897,3873,3854,3841,3833,3830,3827,3824,3823,3823,3820,3815,3802,3794,3793,3787,3779,3774,3763,3745,3723,3708,3696,3685,3677,3679,3682,3681,3675,3662,3655,3656,3654,3655,3651,3641,3632,3626,3625,3626,3625,3619,3611,3607,3602,3596,3585,3575,3567,3552,3539,3535,3536,3544,3552,3555,3554,3550,3543,3536,3531,3528,3530,3541,3552,3561,3570,3579,3587,3593,3597,3595,3594,3599,3607,3613,3624,3637,3652,3667,3684,3699,3711,3725,3741,3748,3745,3730,3710,3694,3680,3663,3644,3623,3604,3586,3568,3547,3534,3519,3505,3501,3504,3512,3522,3529,3531,3532,3529,3528,3534,3544,3554,3565,3579,3595,3612,3627,3639,3654,3663,3671,3685,3691,3701,3725,3734,3748,3750,3750,3754,3754,3758,3772,3782,3792,3804,3815,3830,3825,3823,3829,3834,3838,3847,3858
3348,3352,3358,3366,3374,3381,3387,3394,3401,3404,3406,3408,3409,3409,3410,3413,3414,3416,3417,3420,3426,3427,3426,3426,3427,3429,3432,3434,3434,3435,3437,3440,3442,3444,3445,3446,3447,3448,3448,3447,3442,3433,3423,3416,3409,3403,3401,3400,3401,3404,3410,3423,3439,3453,3465,3475,3484,3494,3503,3516,3529,3541,3551,3562,3566,3562,3560,3559,3558,3557,3560,3562,3563,3568,3578,3596,3610,3618,3635,3658,3680,3693,3705,3721,3731,3738,3747,3754,3762,3767,3772,3786,3799,3815,3825,3835,3849,3868,3880,3889,3897,3903,3909,3918,3926,3931,3937,3942,3938,3927,3909,3883,3862,3849,3841,3837,3834,3830,3829,3828,3825,3822,3810,3801,3800,3793,3783,3774,3763,3745,3722,3708,3700,3693,3689,3686,3684,3685,3683,3675,3668,3670,3670,3665,3652,3643,3635,3632,3631,3630,3627,3621,3613,3608,3602,3595,3585,3574,3563,3547,3537,3537,3545,3555,3561,3561,3558,3555,3550,3544,3538,3539,3546,3559,3566,3573,3578,3586,3593,3597,3598,3595,3595,3600,3608,3614,3622,3636,3650,3662,3677,3692,3701,3713,3729,3741,3743,3733,3717,3698,3683,3667,3651,3633,3616,3598,3582,3565,3549,3531,3516,3511,3513,3520,3529,3533,3535,3536,3535,3532,3535,3544,3556,3566,3577,3594,3615,3633,3649,3669,3683,3691,3704,3718,3739,3759,3766,3775,3769,3769,3772,3777,3782,3789,3799,3813,3830,3846,3858,3858,3845,3850,3856,3861,3867,3876
3343,3348,3355,3363,3370,3378,3386,3392,3396,3397,3398,3399,3401,3402,3401,3404,3406,3408,3411,3414,3418,3420,3420,3421,3423,3426,3429,3431,3431,3433,3435,3436,3437,3440,3442,3442,3442,3442,3441,3440,3435,3425,3416,3408,3401,3397,3394,3395,3398,3403,3411,3425,3439,3452,3465,3475,3485,3495,3505,3516,3524,3535,3544,3551,3553,3552,3551,3550,3550,3548,3546,3546,3550,3560,3574,3590,3604,3613,3627,3647,3668,3681,3693,3706,3716,3726,3734,3740,3746,3752,3760,3770,3780,3796,3813,3827,3843,3860,3870,3879,3889,3897,3901,3906,3911,3919,3929,3935,3936,3930,3919,3898,3880,3870,3861,3850,3845,3841,3838,3835,3832,3827,3818,3810,3809,3802,3789,3776,3764,3747,3727,3710,3704,3700,3698,3695,3690,3689,3690,3692,3689,3687,3683,3672,3657,3647,3641,3638,3635,3631,3625,3619,3614,3609,3601,3590,3581,3571,3559,3545,3540,3546,3557,3565,3569,3565,3561,3561,3558,3552,3548,3550,3560,3572,3575,3580,3585,3590,3598,3601,3600,3597,3599,3604,3610,3615,3621,3634,3649,3662,3675,3685,3691,3702,3721,3737,3743,3738,3724,3704,3690,3674,3658,3639,3623,3609,3594,3577,3561,3542,3529,3523,3525,3532,3538,3541,3543,3543,3540,3535,3537,3545,3556,3566,3578,3600,3623,3643,3666,3684,3703,3715,3726,3748,3774,3790,3795,3800,3793,3787,3790,3798,3805,3812,3820,3835,3858,3873,3885,3896,3881,3884,3883,3889,3891,3901
3341,3346,3353,3360,3369,3378,3386,3390,3392,3391,3390,3390,3392,3393,3393,3395,3398,3402,3406,3408,3412,3415,3415,3416,3419,3422,3425,3428,3429,3430,3431,3431,3433,3436,3439,3439,3438,3435,3434,3433,3427,3418,3407,3399,3393,3390,3388,3388,3395,3402,3411,3427,3441,3450,3461,3470,3481,3493,3503,3513,3519,3525,3532,3536,3539,3541,3541,3540,3540,3539,3536,3535,3539,3551,3564,3577,3594,3608,3620,3630,3646,3663,3676,3689,3703,3713,3719,3726,3734,3740,3750,3761,3770,3787,3805,3821,3838,3850,3857,3864,3874,3884,3889,3890,3894,3906,3917,3922,3922,3924,3927,3919,3908,3898,3886,3871,3862,3859,3858,3850,3841,3834,3826,3820,3817,3810,3797,3782,3768,3752,3733,3719,3711,3707,3705,3703,3699,3697,3699,3701,3702,3705,3701,3695,3672,3654,3647,3643,3638,3632,3625,3618,3614,3610,3602,3587,3574,3565,3553,3543,3545,3557,3566,3574,3576,3571,3567,3567,3565,3561,3561,3563,3570,3581,3583,3586,3590,3594,3601,3604,3604,3603,3606,3609,3614,3617,3624,3633,3649,3665,3678,3685,3692,3702,3720,3736,3745,3740,3727,3710,3696,3679,3663,3645,3629,3615,3603,3585,3567,3553,3543,3536,3535,3541,3546,3549,3552,3550,3546,3542,3540,3549,3559,3568,3584,3614,3637,3656,3679,3697,3721,3739,3753,3773,3795,3812,3817,3821,3818,3810,3811,3815,3827,3834,3844,3864,3884,3892,3902,3912,3925,3934,3923,3920,3925,3940
3339,3345,3352,3359,3368,3376,3382,3384,3384,3383,3381,3380,3380,3381,3383,3387,3392,3397,3401,3403,3409,3411,3412,3413,3416,3418,3420,3424,3427,3428,3429,3429,3432,3434,3436,3434,3431,3427,3425,3423,3417,3410,3399,3390,3386,3384,3381,3384,3394,3405,3417,3431,3442,3447,3455,3464,3476,3488,3499,3508,3512,3517,3521,3524,3527,3530,3530,3527,3526,3526,3527,3529,3534,3545,3558,3570,3583,3599,3612,3616,3628,3644,3660,3677,3691,3700,3703,3709,3720,3730,3738,3751,3765,3777,3792,3810,3826,3837,3843,3847,3852,3859,3865,3870,3877,3887,3896,3898,3897,3905,3917,3924,3922,3915,3903,3892,3891,3891,3889,3875,3855,3842,3833,3827,3821,3815,3803,3791,3777,3758,3740,3728,3720,3714,3711,3711,3708,3704,3704,3702,3705,3714,3719,3717,3694,3665,3656,3653,3648,3641,3630,3622,3615,3611,3603,3587,3573,3559,3549,3549,3554,3563,3571,3578,3583,3579,3576,3574,3574,3574,3574,3576,3577,3585,3590,3594,3597,3599,3603,3605,3607,3610,3613,3613,3615,3620,3626,3635,3652,3670,3683,3691,3699,3709,3725,3740,3748,3741,3730,3716,3700,3681,3666,3652,3639,3627,3613,3593,3575,3562,3550,3542,3542,3549,3553,3554,3557,3557,3554,3553,3550,3558,3569,3577,3601,3633,3654,3668,3688,3708,3734,3756,3776,3789,3803,3826,3843,3846,3839,3830,3826,3832,3843,3848,3862,3886,3902,3910,3916,3932,3950,3962,3970,3963,3972,3980
3334,3342,3350,3359,3366,3370,3372,3374,3373,3374,3373,3371,3368,3370,3377,3383,3387,3391,3396,3401,3407,3408,3408,3409,3413,3416,3419,3423,3426,3427,3427,3429,3430,3432,3432,3429,3425,3421,3415,3411,3405,3398,3390,3385,3381,3380,3378,3381,3394,3408,3418,3429,3437,3444,3453,3460,3472,3484,3495,3500,3504,3508,3512,3514,3514,3516,3516,3515,3514,3515,3517,3519,3525,3538,3552,3565,3578,3591,3602,3612,3623,3635,3649,3664,3677,3687,3691,3699,3712,3720,3729,3742,3757,3771,3780,3793,3809,3823,3829,3831,3832,3836,3846,3856,3865,3871,3872,3874,3875,3882,3898,3911,3919,3919,3916,3916,3917,3917,3912,3895,3872,3857,3846,3837,3827,3817,3810,3802,3786,3764,3746,3735,3727,3721,3717,3718,3716,3711,3711,3703,3706,3713,3716,3716,3708,3680,3669,3664,3662,3656,3644,3630,3619,3613,3602,3588,3575,3562,3558,3560,3565,3569,3574,3581,3586,3588,3586,3582,3582,3581,3584,3586,3586,3591,3596,3598,3602,3605,3606,3608,3611,3614,3616,3616,3616,3622,3629,3640,3659,3679,3693,3702,3712,3724,3742,3758,3755,3745,3736,3723,3703,3684,3669,3658,3647,3636,3623,3605,3589,3573,3557,3550,3552,3559,3561,3559,3561,3563,3562,3558,3559,3570,3583,3593,3625,3654,3672,3682,3696,3717,3742,3763,3781,3794,3805,3824,3845,3861,3855,3847,3841,3844,3854,3865,3881,3903,3921,3930,3936,3960,3978,3984,3997,4007,4011,4017
3330,3339,3349,3359,3363,3363,3363,3362,3360,3360,3360,3362,3360,3363,3371,3379,3382,3387,3393,3398,3403,3404,3404,3405,3408,3413,3418,3423,3425,3426,3425,3426,3428,3428,3427,3424,3419,3412,3404,3399,3394,3389,3384,3380,3377,3377,3377,3384,3396,3408,3417,3426,3434,3443,3451,3456,3465,3475,3484,3491,3495,3499,3502,3502,3501,3502,3505,3506,3504,3503,3505,3508,3516,3529,3544,3557,3568,3577,3592,3607,3619,3631,3642,3650,3659,3669,3684,3696,3705,3711,3722,3738,3755,3764,3773,3783,3793,3804,3810,3813,3816,3822,3829,3838,3849,3857,3858,3854,3855,3865,3871,3883,3895,3905,3912,3913,3915,3917,3914,3911,3904,3888,3872,3854,3839,3826,3816,3805,3792,3770,3751,3742,3734,3729,3725,3723,3724,3724,3730,3717,3712,3709,3707,3708,3704,3692,3685,3677,3671,3665,3650,3634,3626,3616,3602,3589,3577,3571,3568,3572,3575,3574,3578,3583,3591,3599,3597,3593,3589,3589,3589,3594,3592,3595,3598,3601,3605,3609,3611,3611,3614,3617,3618,3619,3619,3625,3637,3650,3669,3689,3706,3717,3729,3739,3756,3772,3771,3758,3748,3732,3711,3692,3678,3666,3653,3641,3630,3615,3599,3584,3570,3563,3564,3570,3571,3569,3571,3574,3570,3565,3567,3580,3595,3609,3639,3667,3684,3696,3708,3722,3742,3761,3775,3787,3798,3815,3840,3855,3859,3861,3865,3858,3865,3886,3902,3919,3937,3948,3964,3986,3999,4005,4019,4029,4032,4040
3331,3339,3347,3354,3355,3355,3353,3349,3346,3345,3347,3350,3354,3359,3367,3374,3380,3385,3389,3394,3398,3401,3403,3406,3409,3414,3419,3422,3424,3424,3426,3427,3425,3423,3423,3419,3413,3402,3393,3389,3386,3383,3380,3376,3374,3372,3374,3384,3399,3410,3415,3422,3434,3444,3449,3452,3460,3468,3474,3484,3486,3488,3489,3490,3490,3492,3495,3494,3491,3493,3496,3500,3509,3524,3536,3547,3557,3565,3578,3593,3609,3620,3630,3640,3647,3656,3673,3688,3698,3704,3719,3734,3746,3757,3765,3771,3778,3787,3794,3797,3800,3808,3816,3821,3832,3840,3840,3838,3839,3843,3846,3853,3865,3879,3891,3897,3899,3904,3911,3914,3912,3902,3894,3878,3854,3841,3828,3811,3791,3769,3756,3749,3743,3735,3732,3725,3731,3738,3735,3727,3722,3717,3708,3705,3702,3699,3695,3689,3681,3671,3655,3638,3631,3622,3608,3591,3579,3576,3576,3581,3583,3580,3579,3590,3600,3608,3607,3600,3597,3598,3597,3596,3595,3595,3599,3603,3606,3608,3610,3614,3615,3615,3617,3619,3623,3631,3647,3660,3675,3698,3723,3736,3746,3751,3765,3783,3784,3773,3761,3742,3720,3702,3687,3672,3659,3649,3636,3620,3605,3594,3583,3574,3575,3580,3581,3581,3583,3585,3582,3576,3577,3593,3609,3622,3648,3669,3687,3702,3714,3725,3740,3751,3761,3772,3781,3798,3822,3841,3850,3860,3874,3890,3882,3899,3911,3932,3950,3966,3981,4000,4014,4025,4040,4052,4056,4067
3330,3337,3343,3346,3345,3344,3342,3338,3332,3333,3337,3343,3351,3357,3363,3371,3379,3385,3389,3393,3398,3401,3403,3408,3412,3418,3420,3421,3422,3425,3428,3427,3424,3421,3418,3413,3407,3396,3386,3381,3379,3378,3374,3372,3371,3369,3368,3381,3396,3409,3414,3418,3432,3442,3448,3453,3458,3463,3468,3474,3478,3480,3480,3480,3482,3482,3482,3481,3482,3484,3487,3494,3509,3521,3531,3541,3551,3562,3574,3587,3601,3611,3620,3629,3640,3649,3660,3672,3685,3694,3701,3717,3739,3749,3756,3761,3769,3777,3779,3782,3785,3788,3795,3810,3819,3819,3815,3815,3819,3824,3822,3828,3837,3853,3875,3884,3889,3895,3904,3914,3916,3911,3905,3892,3870,3850,3836,3809,3785,3771,3759,3755,3749,3741,3737,3737,3740,3744,3731,3724,3725,3723,3715,3708,3701,3699,3698,3694,3688,3678,3666,3653,3641,3631,3618,3602,3588,3579,3580,3586,3592,3592,3590,3599,3606,3615,3614,3606,3601,3600,3599,3597,3595,3595,3599,3604,3607,3606,3610,3616,3618,3619,3620,3623,3628,3638,3651,3663,3680,3712,3738,3752,3761,3765,3780,3800,3797,3785,3772,3753,3734,3718,3701,3682,3670,3661,3650,3628,3613,3602,3591,3583,3584,3587,3590,3593,3596,3600,3599,3590,3590,3610,3627,3641,3659,3673,3688,3703,3713,3721,3729,3738,3747,3755,3763,3771,3781,3809,3832,3844,3870,3905,3911,3914,3922,3944,3966,3985,4000,4013,4029,4044,4058,4068,4079,4091
3325,3331,3336,3336,3334,3332,3332,3326,3322,3325,3333,3344,3352,3359,3365,3372,3380,3385,3388,3394,3399,3402,3404,3408,3412,3416,3417,3417,3419,3422,3425,3423,3420,3416,3411,3405,3398,3389,3380,3375,3372,3370,3368,3368,3367,3366,3374,3384,3394,3406,3412,3418,3427,3435,3445,3451,3454,3458,3462,3466,3470,3471,3469,3470,3471,3472,3470,3471,3472,3476,3480,3491,3505,3517,3526,3535,3546,3559,3573,3583,3598,3611,3620,3627,3636,3643,3654,3667,3675,3683,3692,3704,3723,3739,3747,3752,3756,3761,3761,3764,3771,3777,3785,3795,3804,3805,3798,3795,3797,3801,3800,3803,3817,3835,3850,3863,3874,3885,3895,3904,3912,3913,3910,3899,3880,3859,3835,3804,3790,3776,3761,3751,3747,3744,3747,3746,3748,3739,3725,3725,3724,3722,3721,3713,3707,3703,3703,3699,3693,3687,3679,3670,3655,3639,3624,3609,3596,3585,3586,3591,3599,3607,3610,3615,3617,3619,3617,3613,3608,3604,3601,3598,3596,3595,3599,3605,3608,3607,3612,3618,3623,3622,3626,3629,3634,3645,3659,3674,3695,3725,3753,3767,3773,3780,3792,3806,3809,3798,3787,3771,3750,3729,3712,3695,3681,3670,3658,3640,3623,3607,3595,3588,3589,3595,3600,3608,3613,3615,3615,3611,3612,3627,3643,3655,3667,3680,3689,3696,3704,3712,3717,3726,3736,3745,3755,3760,3763,3778,3803,3831,3858,3889,3907,3917,3928,3941,3958,3983,4012,4023,4040,4054,4067,4079,4099,4111
3322,3327,3329,3328,3323,3320,3316,3315,3317,3322,3332,3345,3354,3360,3368,3375,3380,3384,3387,3392,3398,3401,3404,3409,3412,3413,3414,3415,3415,3417,3417,3416,3414,3408,3401,3393,3387,3380,3373,3368,3365,3364,3363,3364,3365,3368,3377,3386,3393,3403,3411,3418,3427,3434,3441,3448,3452,3454,3453,3454,3454,3457,3459,3460,3462,3461,3458,3458,3463,3470,3477,3488,3504,3512,3519,3527,3538,3553,3566,3578,3593,3605,3616,3624,3631,3638,3646,3657,3667,3677,3686,3693,3707,3723,3731,3734,3737,3743,3746,3748,3759,3770,3776,3785,3792,3787,3777,3772,3776,3781,3781,3785,3800,3812,3821,3828,3842,3859,3882,3897,3907,3911,3907,3897,3881,3863,3840,3812,3795,3782,3766,3751,3748,3754,3748,3746,3749,3745,3735,3729,3723,3719,3719,3715,3709,3711,3712,3710,3704,3699,3692,3680,3667,3654,3637,3622,3608,3597,3596,3605,3618,3629,3631,3626,3623,3622,3620,3616,3612,3609,3606,3602,3598,3597,3601,3608,3611,3612,3616,3621,3624,3626,3629,3632,3637,3650,3675,3699,3720,3741,3765,3784,3790,3794,3800,3808,3808,3803,3795,3786,3773,3750,3720,3706,3696,3684,3670,3652,3634,3615,3602,3596,3597,3603,3610,3616,3622,3627,3630,3632,3637,3642,3651,3658,3670,3681,3688,3692,3695,3701,3709,3719,3728,3737,3748,3754,3759,3771,3793,3817,3841,3874,3897,3907,3919,3936,3962,3997,4017,4030,4044,4059,4067,4085,4107,4126
3319,3324,3325,3322,3317,3311,3305,3305,3312,3320,3330,3340,3349,3359,3367,3375,3380,3384,3386,3389,3393,3398,3401,3406,3410,3412,3414,3415,3415,3413,3411,3410,3407,3401,3391,3384,3378,3370,3365,3362,3362,3361,3359,3361,3365,3369,3378,3386,3391,3399,3409,3417,3425,3431,3437,3446,3450,3451,3448,3444,3443,3445,3449,3450,3450,3448,3444,3447,3460,3469,3474,3482,3500,3510,3517,3528,3541,3553,3565,3576,3590,3600,3610,3618,3625,3629,3637,3648,3658,3664,3673,3684,3694,3705,3711,3719,3726,3730,3735,3740,3746,3757,3765,3772,3774,3768,3761,3758,3758,3758,3756,3765,3780,3794,3800,3809,3821,3841,3869,3883,3897,3907,3905,3895,3880,3861,3836,3815,3797,3785,3771,3760,3757,3758,3749,3745,3753,3755,3745,3732,3725,3718,3717,3713,3712,3717,3719,3718,3714,3710,3703,3693,3681,3669,3654,3638,3625,3617,3616,3619,3624,3630,3632,3629,3627,3623,3618,3614,3610,3608,3605,3602,3600,3599,3603,3607,3610,3616,3620,3624,3626,3627,3632,3638,3644,3661,3690,3718,3738,3751,3772,3789,3801,3804,3803,3806,3808,3806,3799,3789,3780,3762,3739,3723,3710,3698,3684,3665,3644,3625,3613,3608,3609,3612,3616,3621,3629,3633,3640,3648,3653,3655,3660,3668,3679,3690,3693,3693,3693,3697,3705,3713,3721,3732,3744,3752,3759,3775,3794,3813,3834,3861,3879,3894,3911,3931,3953,3991,4017,4031,4047,4069,4081,4095,4116,4133
3314,3318,3319,3316,3311,3305,3298,3295,3307,3319,3326,3332,3345,3355,3364,3372,3378,3384,3388,3390,3393,3398,3400,3403,3408,3411,3411,3414,3413,3410,3408,3405,3399,3390,3382,3376,3369,3362,3358,3356,3359,3355,3354,3357,3364,3368,3376,3384,3390,3396,3405,3414,3422,3428,3434,3441,3445,3445,3440,3437,3436,3436,3438,3440,3440,3440,3438,3443,3457,3465,3468,3480,3495,3507,3518,3530,3541,3552,3564,3572,3581,3593,3603,3609,3612,3616,3626,3638,3646,3653,3660,3670,3682,3691,3696,3704,3713,3715,3721,3728,3733,3740,3748,3754,3753,3750,3746,3744,3739,3736,3736,3744,3756,3768,3784,3799,3816,3831,3859,3876,3890,3905,3906,3894,3877,3859,3834,3813,3799,3788,3777,3766,3761,3757,3750,3748,3751,3748,3737,3729,3725,3721,3719,3717,3716,3720,3724,3725,3723,3719,3713,3706,3693,3682,3667,3653,3641,3636,3634,3633,3632,3632,3632,3631,3629,3624,3618,3612,3610,3609,3607,3604,3601,3600,3604,3608,3612,3618,3624,3628,3629,3632,3638,3647,3657,3670,3696,3717,3735,3753,3769,3787,3801,3803,3802,3805,3809,3808,3802,3793,3781,3767,3753,3739,3721,3703,3691,3675,3658,3639,3626,3621,3619,3620,3623,3628,3635,3641,3648,3659,3666,3674,3681,3689,3701,3705,3701,3696,3696,3699,3703,3708,3718,3732,3743,3751,3762,3775,3792,3816,3834,3851,3869,3887,3900,3920,3946,3985,4012,4029,4046,4067,4087,4105,4123,4141
3309,3312,3312,3306,3303,3296,3289,3290,3301,3315,3322,3330,3343,3352,3358,3367,3375,3382,3388,3391,3393,3397,3397,3400,3406,3405,3405,3407,3407,3407,3405,3398,3389,3381,3374,3365,3360,3354,3352,3352,3352,3349,3350,3356,3363,3368,3375,3383,3389,3396,3402,3409,3418,3426,3433,3436,3437,3437,3435,3432,3430,3428,3429,3429,3430,3430,3431,3441,3453,3460,3465,3477,3490,3501,3512,3524,3537,3549,3562,3568,3574,3583,3594,3599,3603,3608,3616,3630,3637,3643,3652,3661,3670,3676,3680,3688,3694,3697,3700,3709,3716,3724,3730,3734,3737,3735,3730,3727,3722,3723,3725,3728,3734,3750,3775,3792,3807,3826,3848,3863,3880,3897,3904,3894,3881,3862,3836,3817,3804,3793,3786,3778,3770,3763,3760,3750,3745,3739,3732,3728,3728,3723,3722,3721,3722,3725,3729,3730,3728,3725,3722,3717,3706,3691,3675,3663,3652,3648,3649,3648,3641,3637,3634,3632,3626,3621,3615,3611,3611,3612,3610,3607,3605,3602,3605,3610,3614,3620,3625,3630,3634,3641,3651,3662,3671,3679,3696,3709,3725,3744,3760,3781,3797,3804,3804,3804,3809,3808,3803,3796,3786,3774,3763,3748,3730,3712,3698,3685,3671,3652,3639,3632,3629,3630,3632,3634,3640,3649,3659,3666,3677,3685,3691,3701,3713,3713,3706,3699,3699,3701,3703,3709,3719,3731,3745,3755,3765,3777,3792,3817,3834,3851,3869,3881,3893,3905,3929,3967,3998,4018,4038,4063,4082,4097,4113,4127
3304,3306,3304,3299,3294,3287,3283,3286,3298,3308,3317,3327,3339,3348,3354,3361,3371,3379,3384,3387,3389,3391,3392,3393,3398,3399,3400,3401,3401,3402,3397,3389,3381,3373,3367,3359,3353,3348,3347,3348,3347,3344,3350,3359,3366,3371,3378,3382,3388,3395,3400,3407,3416,3424,3429,3432,3432,3431,3431,3429,3426,3422,3420,3419,3419,3419,3425,3439,3450,3456,3463,3474,3485,3496,3508,3520,3531,3543,3555,3564,3569,3579,3588,3592,3597,3602,3610,3620,3627,3633,3644,3651,3657,3662,3667,3674,3678,3681,3685,3696,3704,3704,3712,3718,3722,3720,3712,3704,3703,3709,3713,3716,3724,3740,3761,3774,3787,3806,3837,3856,3871,3889,3900,3899,3889,3873,3854,3831,3816,3802,3793,3788,3779,3772,3766,3753,3747,3741,3737,3737,3733,3729,3728,3728,3728,3730,3733,3733,3732,3729,3726,3723,3720,3705,3689,3676,3669,3665,3663,3657,3647,3642,3641,3638,3627,3619,3614,3611,3610,3611,3611,3609,3607,3605,3607,3611,3615,3621,3627,3634,3642,3652,3665,3675,3681,3687,3696,3706,3718,3733,3748,3767,3786,3800,3803,3805,3807,3808,3805,3796,3788,3780,3769,3754,3738,3724,3714,3704,3692,3680,3664,3651,3643,3641,3640,3641,3648,3662,3673,3678,3685,3693,3700,3709,3720,3721,3712,3705,3704,3707,3710,3716,3724,3736,3751,3762,3772,3784,3796,3813,3833,3856,3871,3881,3891,3902,3913,3942,3984,4010,4034,4059,4077,4092,4106,4118
3299,3301,3298,3293,3285,3280,3280,3286,3296,3303,3312,3321,3331,3340,3349,3356,3366,3374,3378,3381,3384,3385,3385,3386,3390,3394,3395,3394,3394,3393,3388,3380,3374,3366,3362,3356,3348,3341,3342,3344,3341,3343,3351,3362,3368,3371,3376,3381,3388,3394,3400,3407,3414,3419,3423,3425,3426,3427,3428,3425,3421,3416,3411,3409,3409,3412,3420,3432,3443,3452,3460,3470,3481,3491,3501,3514,3525,3533,3545,3554,3563,3571,3578,3582,3588,3594,3601,3610,3616,3623,3633,3640,3646,3652,3657,3662,3665,3670,3675,3678,3684,3687,3694,3699,3700,3694,3688,3684,3684,3689,3694,3701,3716,3732,3745,3755,3768,3790,3824,3849,3866,3877,3891,3899,3897,3886,3872,3851,3831,3811,3801,3795,3792,3785,3776,3763,3757,3752,3748,3746,3742,3738,3736,3736,3736,3737,3738,3738,3736,3733,3731,3733,3731,3722,3712,3701,3690,3681,3674,3666,3657,3653,3652,3645,3633,3624,3617,3613,3611,3609,3607,3607,3606,3605,3607,3610,3615,3622,3633,3642,3649,3661,3674,3684,3687,3690,3696,3705,3714,3723,3738,3754,3772,3787,3797,3803,3807,3809,3806,3797,3787,3779,3769,3753,3741,3732,3726,3719,3713,3704,3691,3675,3665,3659,3653,3651,3663,3676,3686,3687,3691,3698,3706,3714,3723,3726,3721,3718,3720,3721,3723,3728,3734,3743,3756,3770,3781,3798,3808,3818,3835,3856,3870,3880,3890,3898,3906,3930,3971,4009,4036,4054,4072,4089,4102,4112
3293,3294,3292,3286,3280,3273,3274,3280,3290,3297,3305,3314,3324,3332,3341,3350,3359,3366,3370,3373,3376,3378,3378,3379,3382,3385,3386,3385,3385,3383,3378,3372,3365,3357,3354,3350,3342,3339,3339,3336,3336,3343,3354,3363,3369,3370,3374,3380,3387,3394,3401,3407,3411,3414,3416,3417,3420,3423,3423,3418,3412,3406,3403,3401,3403,3407,3416,3427,3437,3448,3455,3463,3475,3484,3494,3505,3516,3525,3533,3541,3552,3561,3566,3572,3580,3585,3592,3598,3604,3614,3623,3631,3636,3641,3644,3647,3652,3659,3662,3660,3665,3673,3677,3678,3676,3671,3667,3666,3669,3675,3682,3687,3700,3720,3730,3739,3758,3777,3805,3838,3861,3874,3886,3892,3893,3889,3882,3867,3852,3835,3819,3806,3799,3793,3785,3774,3767,3761,3756,3754,3750,3749,3748,3744,3743,3744,3745,3746,3748,3748,3756,3762,3756,3742,3729,3717,3702,3689,3681,3674,3666,3660,3657,3649,3636,3627,3620,3616,3611,3607,3605,3606,3606,3605,3607,3610,3615,3625,3637,3647,3658,3668,3681,3688,3690,3691,3696,3702,3708,3718,3732,3746,3760,3774,3788,3796,3801,3807,3805,3797,3786,3776,3764,3751,3746,3741,3736,3731,3729,3723,3712,3699,3689,3679,3667,3665,3677,3689,3696,3695,3698,3703,3709,3717,3727,3733,3735,3735,3735,3737,3741,3743,3750,3761,3771,3783,3796,3810,3819,3829,3844,3860,3871,3883,3894,3903,3914,3933,3966,4017,4040,4047,4057,4074,4095,4103
3285,3287,3285,3281,3274,3269,3267,3271,3280,3289,3299,3309,3319,3327,3334,3342,3351,3357,3361,3364,3367,3369,3369,3371,3374,3375,3375,3376,3376,3374,3371,3367,3360,3352,3347,3343,3339,3338,3337,3334,3336,3346,3356,3364,3368,3370,3374,3379,3386,3393,3401,3405,3407,3408,3409,3412,3415,3418,3417,3411,3403,3397,3395,3394,3397,3404,3413,3424,3436,3444,3449,3454,3465,3477,3487,3498,3509,3517,3523,3530,3540,3551,3558,3563,3570,3576,3582,3587,3593,3603,3611,3618,3624,3628,3630,3634,3641,3647,3646,3645,3648,3655,3655,3653,3651,3651,3649,3651,3656,3663,3670,3674,3682,3697,3719,3731,3746,3765,3796,3825,3851,3868,3876,3883,3887,3887,3883,3876,3866,3853,3840,3826,3818,3811,3801,3788,3777,3768,3764,3763,3762,3762,3761,3754,3751,3752,3754,3756,3763,3781,3795,3795,3788,3770,3748,3730,3713,3698,3688,3679,3672,3666,3659,3650,3638,3625,3620,3616,3609,3606,3606,3607,3608,3607,3609,3611,3616,3627,3639,3652,3664,3674,3684,3690,3692,3693,3696,3699,3705,3714,3726,3738,3747,3759,3773,3783,3791,3800,3806,3799,3786,3774,3762,3754,3754,3752,3749,3746,3745,3741,3732,3720,3710,3698,3680,3685,3686,3702,3709,3708,3708,3709,3714,3723,3736,3743,3745,3745,3743,3748,3757,3763,3769,3776,3786,3799,3812,3824,3834,3843,3856,3870,3878,3889,3899,3910,3925,3939,3974,4028,4038,4040,4049,4063,4074,4093
3280,3281,3278,3273,3268,3264,3262,3264,3274,3285,3296,3305,3314,3321,3329,3335,3342,3346,3350,3355,3358,3360,3361,3363,3364,3366,3367,3367,3368,3366,3366,3365,3359,3350,3344,3339,3337,3337,3335,3335,3339,3349,3357,3362,3366,3370,3374,3379,3386,3392,3397,3400,3401,3401,3403,3408,3412,3414,3411,3406,3397,3390,3389,3391,3396,3404,3412,3421,3434,3441,3444,3448,3459,3471,3482,3492,3501,3508,3515,3521,3532,3541,3549,3555,3561,3565,3570,3576,3583,3591,3598,3603,3607,3613,3620,3627,3634,3638,3637,3634,3633,3635,3634,3631,3630,3632,3634,3637,3640,3645,3655,3663,3669,3686,3713,3723,3736,3758,3784,3809,3835,3852,3865,3875,3882,3883,3880,3875,3870,3862,3856,3848,3844,3838,3823,3808,3789,3780,3777,3775,3774,3773,3770,3765,3762,3763,3763,3764,3776,3799,3815,3815,3808,3792,3769,3746,3728,3712,3699,3689,3679,3671,3660,3650,3637,3623,3618,3615,3609,3605,3606,3608,3608,3608,3610,3613,3619,3629,3641,3655,3667,3676,3687,3691,3694,3696,3698,3699,3703,3709,3716,3727,3735,3742,3755,3767,3778,3789,3800,3798,3788,3775,3764,3760,3764,3769,3773,3771,3765,3759,3753,3744,3725,3708,3689,3682,3710,3729,3726,3722,3722,3722,3725,3733,3748,3754,3755,3758,3757,3759,3772,3780,3784,3790,3800,3815,3829,3841,3849,3857,3871,3881,3891,3901,3910,3921,3935,3950,3976,4008,4018,4026,4041,4061,4074,4093
3277,3276,3272,3267,3260,3258,3257,3261,3271,3282,3291,3300,3308,3316,3322,3327,3331,3334,3340,3345,3349,3352,3354,3355,3356,3359,3358,3357,3359,3359,3361,3362,3357,3348,3342,3338,3336,3335,3334,3335,3341,3350,3355,3360,3365,3369,3374,3378,3384,3390,3394,3396,3396,3396,3399,3405,3409,3410,3406,3399,3390,3383,3383,3390,3397,3404,3411,3419,3430,3436,3439,3445,3456,3466,3476,3484,3491,3499,3506,3513,3522,3531,3540,3546,3551,3555,3561,3568,3575,3580,3585,3590,3594,3601,3611,3620,3629,3634,3630,3624,3619,3616,3614,3612,3613,3616,3620,3621,3623,3627,3638,3648,3660,3680,3705,3718,3727,3742,3769,3794,3819,3835,3850,3861,3868,3872,3869,3865,3864,3863,3862,3860,3861,3858,3847,3835,3813,3798,3793,3792,3789,3783,3778,3774,3774,3773,3771,3770,3782,3807,3828,3831,3822,3804,3784,3763,3743,3725,3710,3700,3689,3678,3666,3653,3637,3623,3616,3611,3605,3602,3604,3607,3609,3608,3609,3613,3618,3628,3642,3656,3665,3676,3690,3694,3696,3698,3700,3700,3700,3703,3708,3716,3725,3731,3740,3751,3763,3774,3786,3794,3788,3777,3768,3765,3773,3789,3800,3805,3803,3792,3782,3789,3800,3805,3780,3743,3753,3753,3744,3741,3743,3740,3737,3741,3751,3759,3765,3772,3778,3780,3786,3796,3805,3816,3823,3839,3848,3857,3863,3872,3886,3896,3904,3914,3925,3935,3946,3960,3981,4001,4014,4025,4042,4061,4080,4096
3274,3272,3269,3262,3255,3252,3252,3257,3267,3276,3284,3292,3302,3309,3315,3319,3323,3327,3332,3337,3341,3344,3346,3348,3350,3353,3350,3348,3351,3355,3357,3358,3352,3343,3338,3336,3335,3333,3331,3334,3340,3346,3352,3357,3363,3369,3375,3379,3384,3387,3390,3391,3391,3393,3397,3402,3406,3405,3401,3393,3384,3378,3379,3387,3394,3401,3408,3415,3423,3429,3435,3442,3451,3460,3469,3476,3481,3489,3494,3501,3511,3519,3529,3536,3540,3545,3552,3559,3565,3570,3574,3579,3587,3594,3604,3615,3625,3628,3623,3614,3606,3601,3597,3595,3598,3602,3606,3607,3611,3616,3625,3637,3653,3669,3690,3710,3725,3737,3763,3779,3800,3821,3836,3845,3850,3852,3850,3851,3853,3855,3859,3865,3869,3871,3868,3855,3840,3825,3817,3810,3803,3795,3790,3788,3786,3783,3779,3777,3787,3820,3844,3845,3833,3816,3797,3778,3755,3736,3720,3709,3698,3686,3675,3661,3643,3626,3616,3608,3602,3599,3602,3606,3607,3607,3607,3610,3616,3627,3639,3653,3666,3679,3692,3696,3697,3699,3701,3701,3699,3701,3707,3711,3717,3721,3727,3736,3747,3757,3772,3784,3784,3777,3771,3768,3779,3798,3812,3827,3839,3835,3827,3842,3860,3879,3874,3822,3802,3784,3771,3769,3768,3757,3748,3748,3753,3760,3772,3784,3796,3802,3807,3822,3841,3859,3864,3875,3878,3876,3879,3890,3906,3913,3917,3928,3941,3951,3962,3973,3989,4009,4026,4040,4054,4068,4084,4098
3267,3267,3266,3259,3251,3246,3245,3250,3260,3269,3278,3286,3294,3302,3307,3315,3321,3325,3329,3332,3335,3336,3338,3341,3345,3347,3344,3343,3347,3352,3354,3351,3346,3340,3336,3334,3333,3330,3328,3331,3337,3342,3348,3355,3363,3370,3376,3379,3381,3382,3384,3386,3386,3388,3394,3399,3402,3401,3397,3389,3379,3375,3376,3382,3390,3395,3401,3407,3414,3422,3430,3438,3446,3454,3461,3467,3471,3476,3482,3489,3498,3507,3518,3527,3531,3535,3541,3546,3553,3560,3565,3572,3582,3591,3600,3612,3620,3620,3615,3607,3599,3591,3584,3582,3584,3589,3591,3593,3598,3604,3612,3626,3642,3656,3678,3703,3723,3740,3759,3770,3786,3808,3822,3831,3834,3833,3830,3835,3843,3849,3856,3865,3871,3875,3877,3868,3859,3850,3839,3827,3816,3809,3805,3805,3800,3796,3798,3798,3813,3846,3859,3855,3842,3826,3810,3790,3764,3745,3729,3716,3704,3692,3684,3670,3650,3630,3617,3609,3603,3601,3603,3605,3604,3605,3606,3609,3615,3625,3637,3652,3668,3680,3692,3697,3699,3700,3701,3700,3700,3705,3712,3715,3716,3716,3719,3725,3735,3745,3759,3773,3779,3777,3772,3770,3779,3795,3810,3832,3853,3862,3865,3876,3885,3899,3905,3871,3842,3814,3801,3798,3789,3772,3759,3757,3760,3762,3778,3797,3809,3822,3832,3852,3879,3895,3901,3910,3914,3911,3916,3932,3928,3923,3931,3945,3958,3968,3978,3989,4003,4022,4044,4063,4074,4084,4100,4111
3260,3261,3261,3256,3248,3241,3239,3244,3254,3265,3274,3282,3288,3297,3303,3313,3320,3323,3326,3329,3332,3333,3333,3335,3338,3340,3338,3339,3343,3349,3349,3346,3343,3341,3337,3334,3331,3328,3324,3328,3335,3341,3348,3355,3363,3370,3373,3374,3373,3373,3375,3379,3380,3383,3388,3395,3399,3396,3391,3384,3377,3373,3373,3378,3385,3389,3393,3400,3408,3418,3426,3434,3443,3449,3454,3458,3460,3464,3473,3481,3489,3498,3508,3518,3523,3526,3530,3535,3543,3550,3558,3567,3576,3585,3595,3607,3612,3611,3607,3601,3593,3584,3575,3571,3572,3574,3575,3577,3584,3593,3603,3612,3625,3642,3671,3696,3716,3732,3750,3763,3777,3794,3808,3816,3818,3814,3811,3817,3831,3841,3849,3857,3863,3868,3874,3876,3873,3869,3859,3845,3832,3825,3823,3827,3823,3820,3826,3829,3842,3866,3872,3866,3850,3835,3821,3800,3772,3752,3738,3724,3711,3699,3690,3678,3658,3633,3620,3612,3606,3605,3606,3604,3602,3604,3610,3613,3618,3626,3640,3656,3668,3678,3690,3697,3699,3700,3701,3701,3703,3710,3718,3721,3719,3717,3719,3721,3727,3737,3749,3764,3775,3777,3772,3769,3776,3789,3804,3828,3850,3866,3879,3892,3902,3910,3908,3891,3864,3838,3827,3819,3805,3785,3771,3766,3766,3767,3784,3809,3830,3842,3853,3877,3907,3920,3929,3940,3946,3953,3965,3975,3945,3929,3943,3962,3975,3983,3991,4010,4030,4050,4070,4087,4094,4102,4120,4126
3254,3254,3253,3251,3245,3238,3236,3240,3250,3261,3270,3277,3285,3295,3302,3310,3317,3320,3322,3326,3330,3332,3331,3331,3332,3333,3332,3334,3338,3345,3345,3343,3343,3342,3338,3333,3330,3327,3324,3326,3334,3341,3350,3356,3362,3366,3366,3365,3364,3363,3365,3371,3375,3377,3382,3389,3393,3391,3385,3378,3373,3370,3370,3372,3377,3382,3387,3395,3406,3414,3420,3429,3436,3440,3443,3447,3448,3454,3465,3473,3481,3489,3498,3507,3514,3516,3519,3526,3534,3542,3550,3559,3567,3576,3587,3596,3601,3600,3597,3591,3584,3574,3566,3561,3561,3564,3564,3565,3572,3583,3594,3601,3610,3629,3662,3688,3704,3712,3732,3753,3768,3781,3793,3800,3799,3795,3793,3801,3815,3825,3833,3842,3847,3853,3862,3872,3877,3879,3873,3863,3854,3848,3845,3847,3847,3848,3852,3857,3869,3882,3886,3879,3858,3842,3829,3809,3779,3757,3745,3732,3718,3706,3695,3681,3664,3639,3623,3614,3608,3606,3606,3603,3602,3607,3618,3623,3628,3636,3649,3660,3668,3675,3686,3694,3698,3701,3703,3704,3708,3716,3722,3724,3724,3722,3723,3722,3723,3730,3741,3758,3771,3776,3773,3769,3773,3786,3800,3820,3839,3858,3881,3900,3913,3921,3920,3907,3887,3872,3857,3838,3816,3797,3783,3775,3773,3773,3791,3824,3859,3868,3878,3900,3929,3944,3956,3967,3976,3989,4002,4003,3978,3963,3977,3993,4000,3999,4005,4037,4063,4084,4096,4107,4113,4119,4128,4123
3246,3245,3244,3244,3241,3234,3232,3237,3246,3256,3264,3273,3284,3294,3300,3307,3313,3316,3318,3322,3326,3328,3328,3328,3329,3327,3326,3328,3332,3339,3341,3341,3341,3340,3334,3329,3328,3327,3325,3328,3334,3341,3350,3356,3359,3359,3356,3355,3354,3354,3358,3365,3370,3374,3378,3383,3385,3384,3380,3373,3367,3364,3364,3367,3370,3374,3381,3392,3402,3408,3411,3419,3425,3429,3433,3436,3437,3444,3454,3462,3469,3477,3488,3498,3503,3506,3510,3516,3524,3534,3541,3549,3557,3568,3578,3585,3588,3587,3583,3579,3574,3564,3558,3554,3554,3557,3557,3558,3562,3568,3579,3592,3606,3619,3650,3683,3693,3696,3718,3743,3761,3771,3779,3782,3782,3779,3779,3787,3796,3805,3813,3825,3831,3837,3847,3858,3867,3873,3874,3873,3873,3871,3867,3866,3868,3875,3881,3886,3900,3902,3900,3889,3866,3848,3833,3815,3783,3761,3749,3737,3725,3713,3701,3686,3671,3647,3628,3619,3610,3606,3605,3604,3606,3617,3628,3635,3641,3649,3656,3662,3667,3674,3682,3691,3698,3702,3706,3710,3716,3721,3724,3726,3726,3726,3725,3720,3719,3725,3736,3752,3767,3775,3775,3773,3773,3783,3799,3818,3832,3853,3884,3906,3923,3936,3938,3929,3917,3907,3891,3863,3832,3815,3802,3792,3786,3786,3803,3840,3881,3894,3904,3919,3944,3964,3978,3992,4004,4018,4029,4036,4030,4028,4039,4048,4048,4040,4051,4082,4097,4114,4118,4127,4134,4133,4125,4107
3238,3237,3237,3237,3234,3229,3229,3234,3241,3252,3262,3271,3283,3292,3298,3304,3309,3313,3315,3317,3320,3322,3323,3324,3324,3323,3321,3322,3327,3333,3336,3337,3336,3332,3326,3324,3324,3324,3326,3332,3337,3341,3349,3353,3353,3350,3346,3346,3345,3347,3353,3360,3366,3371,3376,3378,3378,3378,3376,3370,3364,3360,3358,3361,3364,3369,3377,3386,3393,3398,3403,3409,3415,3420,3425,3427,3429,3436,3444,3450,3458,3467,3479,3488,3495,3498,3501,3508,3516,3526,3534,3540,3548,3560,3569,3575,3578,3575,3571,3567,3563,3555,3550,3547,3547,3548,3549,3550,3552,3556,3567,3582,3603,3621,3648,3676,3685,3694,3712,3734,3754,3763,3766,3769,3768,3765,3765,3774,3781,3787,3797,3808,3814,3821,3831,3842,3851,3860,3866,3873,3878,3881,3880,3882,3889,3897,3902,3909,3917,3917,3911,3898,3875,3855,3835,3814,3785,3765,3751,3740,3731,3721,3709,3694,3680,3660,3640,3628,3617,3611,3612,3613,3617,3630,3641,3646,3652,3658,3662,3665,3668,3672,3682,3692,3701,3708,3713,3718,3724,3728,3728,3728,3728,3728,3727,3720,3717,3724,3737,3753,3766,3775,3779,3777,3777,3786,3806,3828,3836,3850,3882,3911,3929,3951,3959,3953,3943,3934,3922,3898,3867,3846,3831,3819,3811,3811,3824,3854,3889,3913,3921,3928,3950,3976,3994,4014,4029,4042,4055,4069,4077,4088,4103,4109,4108,4103,4115,4131,4130,4139,4142,4154,4155,4141,4120,4095
3232,3232,3232,3231,3228,3225,3227,3231,3239,3249,3260,3270,3282,3289,3295,3300,3307,3312,3313,3312,3314,3317,3318,3318,3318,3317,3316,3318,3322,3328,3331,3332,3329,3322,3318,3318,3319,3321,3327,3335,3341,3343,3345,3346,3344,3340,3336,3335,3338,3343,3350,3356,3360,3365,3371,3375,3375,3375,3373,3367,3361,3356,3353,3354,3358,3364,3371,3376,3381,3385,3391,3397,3404,3411,3417,3421,3424,3431,3439,3446,3452,3460,3469,3479,3487,3491,3496,3504,3511,3518,3524,3529,3539,3552,3560,3566,3568,3563,3557,3552,3547,3543,3539,3536,3534,3535,3538,3542,3546,3553,3568,3579,3598,3631,3652,3663,3675,3688,3703,3719,3740,3752,3754,3757,3755,3750,3750,3762,3769,3773,3782,3795,3800,3804,3813,3825,3832,3842,3854,3867,3873,3878,3881,3884,3892,3898,3904,3911,3919,3921,3917,3905,3880,3859,3837,3814,3788,3769,3753,3742,3732,3723,3714,3703,3690,3674,3655,3641,3630,3625,3626,3627,3631,3642,3650,3655,3661,3665,3668,3673,3673,3674,3684,3695,3706,3719,3724,3727,3732,3735,3734,3732,3731,3732,3731,3724,3722,3730,3744,3759,3770,3779,3784,3785,3790,3802,3822,3837,3841,3846,3869,3913,3934,3960,3978,3983,3978,3966,3952,3935,3909,3883,3860,3851,3846,3847,3854,3872,3899,3924,3931,3933,3956,3989,4011,4033,4050,4061,4075,4093,4110,4132,4154,4162,4161,4156,4151,4154,4156,4160,4166,4176,4174,4149,4120,4091
3226,3228,3228,3225,3222,3221,3224,3228,3238,3248,3258,3268,3280,3287,3292,3296,3304,3309,3309,3308,3310,3311,3313,3312,3311,3310,3312,3314,3317,3322,3328,3328,3322,3314,3311,3313,3316,3319,3327,3334,3339,3340,3339,3338,3333,3330,3326,3325,3332,3340,3347,3351,3354,3357,3362,3370,3373,3372,3370,3363,3356,3352,3348,3347,3351,3359,3365,3369,3374,3376,3380,3385,3393,3402,3409,3417,3422,3429,3439,3446,3451,3457,3463,3472,3481,3486,3491,3498,3504,3509,3514,3519,3529,3541,3551,3558,3558,3550,3544,3539,3532,3528,3525,3523,3522,3522,3527,3533,3542,3552,3570,3581,3601,3631,3647,3658,3669,3681,3696,3706,3722,3737,3740,3741,3737,3734,3739,3751,3757,3761,3768,3781,3785,3787,3795,3806,3812,3820,3836,3855,3865,3870,3872,3872,3881,3889,3896,3905,3912,3916,3914,3905,3881,3859,3839,3819,3794,3771,3755,3743,3734,3724,3717,3710,3699,3685,3667,3654,3646,3642,3642,3642,3644,3652,3657,3661,3667,3670,3674,3680,3679,3678,3688,3699,3711,3726,3734,3735,3739,3742,3740,3738,3738,3739,3739,3736,3734,3740,3755,3767,3778,3787,3793,3798,3806,3818,3832,3839,3842,3849,3866,3909,3935,3959,3981,3999,4010,3997,3976,3957,3944,3922,3894,3883,3884,3886,3885,3895,3913,3931,3936,3940,3964,4003,4026,4049,4066,4075,4088,4110,4130,4154,4175,4186,4189,4190,4182,4175,4173,4177,4181,4186,4183,4162,4130,4096
3223,3225,3224,3220,3217,3216,3218,3225,3236,3246,3255,3265,3275,3283,3289,3294,3301,3305,3304,3304,3305,3305,3305,3306,3306,3306,3308,3309,3311,3316,3322,3323,3317,3310,3308,3311,3315,3320,3326,3329,3331,3332,3330,3327,3322,3320,3318,3320,3328,3335,3342,3346,3348,3351,3355,3364,3368,3368,3365,3358,3351,3347,3345,3344,3346,3354,3359,3365,3371,3373,3377,3381,3390,3400,3409,3420,3426,3433,3443,3450,3457,3463,3468,3472,3477,3480,3483,3488,3494,3499,3505,3510,3519,3531,3541,3547,3545,3539,3534,3525,3516,3513,3513,3512,3512,3515,3517,3523,3534,3551,3571,3587,3608,3630,3648,3657,3664,3672,3687,3702,3714,3721,3722,3720,3717,3717,3724,3734,3741,3744,3750,3760,3765,3767,3776,3785,3793,3803,3816,3839,3854,3857,3855,3855,3866,3876,3883,3888,3896,3901,3904,3899,3879,3857,3838,3819,3793,3770,3755,3746,3738,3731,3725,3720,3710,3694,3677,3664,3658,3656,3654,3652,3654,3659,3663,3666,3671,3675,3680,3684,3682,3680,3690,3703,3718,3733,3741,3743,3747,3748,3747,3746,3748,3750,3750,3749,3748,3752,3764,3778,3790,3798,3802,3809,3816,3825,3834,3840,3844,3855,3870,3898,3923,3950,3978,4006,4028,4026,4004,3988,3982,3964,3940,3921,3921,3923,3918,3922,3934,3941,3946,3956,3980,4013,4032,4052,4069,4079,4091,4113,4133,4149,4162,4174,4183,4198,4201,4195,4193,4196,4198,4202,4197,4179,4146,4109
3219,3221,3220,3215,3212,3212,3214,3220,3231,3243,3251,3259,3267,3275,3283,3290,3295,3299,3298,3297,3298,3300,3300,3300,3301,3302,3303,3303,3304,3311,3316,3318,3315,3311,3308,3311,3315,3318,3321,3322,3322,3322,3319,3314,3311,3310,3313,3317,3325,3333,3339,3343,3346,3349,3353,3360,3362,3362,3360,3352,3347,3344,3341,3340,3343,3349,3354,3361,3370,3372,3378,3386,3399,3411,3419,3426,3434,3441,3449,3454,3462,3468,3470,3470,3471,3472,3474,3479,3485,3489,3496,3503,3512,3522,3531,3535,3535,3530,3521,3509,3502,3502,3502,3501,3502,3506,3510,3516,3528,3546,3568,3588,3604,3622,3645,3655,3657,3662,3681,3697,3705,3706,3704,3701,3700,3703,3706,3714,3725,3729,3730,3736,3735,3740,3751,3763,3775,3789,3804,3823,3836,3839,3836,3837,3845,3853,3860,3865,3874,3883,3890,3890,3879,3857,3837,3815,3791,3770,3756,3748,3742,3740,3734,3725,3715,3700,3686,3675,3669,3667,3666,3663,3663,3666,3669,3671,3675,3680,3685,3686,3683,3684,3695,3711,3726,3741,3749,3752,3755,3755,3754,3754,3755,3758,3760,3761,3762,3766,3776,3793,3805,3812,3816,3820,3823,3826,3834,3842,3849,3860,3870,3889,3911,3940,3973,4007,4033,4041,4036,4033,4030,4006,3979,3956,3949,3950,3947,3951,3960,3956,3959,3980,4002,4012,4033,4046,4058,4072,4083,4097,4111,4128,4146,4159,4172,4190,4200,4207,4208,4210,4217,4223,4218,4201,4163,4127
3216,3218,3216,3211,3209,3209,3212,3217,3228,3238,3248,3255,3262,3269,3276,3283,3288,3291,3291,3290,3291,3293,3295,3294,3294,3295,3295,3295,3296,3303,3310,3314,3314,3311,3309,3310,3312,3313,3314,3314,3313,3312,3308,3304,3302,3303,3307,3313,3320,3328,3334,3338,3341,3344,3349,3355,3357,3355,3353,3348,3343,3338,3335,3336,3339,3345,3351,3361,3371,3377,3383,3394,3408,3420,3427,3434,3440,3446,3454,3459,3463,3465,3465,3464,3462,3462,3465,3470,3476,3480,3488,3497,3504,3515,3523,3528,3528,3522,3509,3496,3491,3491,3491,3490,3490,3498,3508,3516,3527,3540,3559,3579,3593,3607,3627,3639,3644,3651,3671,3686,3692,3692,3689,3685,3686,3690,3690,3700,3709,3712,3711,3711,3714,3721,3730,3741,3755,3773,3789,3806,3817,3820,3819,3819,3821,3822,3832,3846,3855,3863,3871,3875,3868,3855,3836,3813,3788,3769,3758,3751,3749,3747,3741,3731,3717,3703,3693,3687,3683,3680,3679,3676,3671,3672,3676,3678,3683,3687,3687,3685,3684,3690,3706,3722,3734,3747,3761,3762,3762,3761,3758,3760,3762,3764,3768,3771,3774,3779,3789,3808,3821,3830,3840,3833,3831,3834,3839,3847,3855,3866,3871,3884,3904,3932,3971,4011,4038,4052,4057,4062,4063,4059,4036,4005,3978,3975,3971,3975,3983,3972,3975,3994,4000,4003,4024,4032,4042,4054,4071,4086,4094,4106,4121,4138,4149,4166,4191,4204,4210,4218,4231,4234,4232,4218,4176,4145
3213,3213,3212,3208,3204,3204,3209,3215,3226,3237,3246,3253,3260,3265,3272,3277,3282,3284,3283,3284,3285,3287,3288,3286,3284,3284,3286,3286,3287,3294,3300,3305,3306,3304,3303,3305,3305,3306,3307,3306,3305,3302,3298,3294,3295,3299,3303,3308,3314,3321,3326,3330,3335,3340,3344,3348,3349,3348,3345,3342,3338,3333,3332,3333,3338,3344,3351,3362,3372,3382,3392,3403,3415,3424,3432,3440,3445,3450,3457,3459,3459,3459,3458,3455,3453,3452,3455,3460,3464,3469,3476,3487,3495,3506,3516,3520,3519,3509,3494,3484,3481,3483,3483,3480,3481,3491,3505,3520,3532,3543,3556,3571,3581,3588,3607,3624,3628,3639,3657,3672,3678,3680,3678,3674,3672,3675,3679,3683,3686,3690,3691,3691,3696,3706,3716,3727,3739,3756,3772,3787,3795,3797,3797,3800,3802,3806,3814,3826,3836,3844,3854,3861,3861,3854,3837,3811,3782,3766,3758,3754,3753,3753,3749,3742,3727,3711,3702,3697,3695,3693,3690,3687,3683,3683,3689,3692,3693,3693,3690,3688,3691,3702,3720,3737,3746,3760,3770,3770,3769,3767,3764,3765,3768,3770,3773,3777,3783,3790,3801,3822,3837,3851,3862,3858,3854,3852,3852,3857,3866,3875,3880,3888,3905,3932,3977,4022,4049,4066,4077,4083,4092,4097,4078,4046,4017,4002,3991,3988,3987,3983,3984,3988,3990,3975,3990,4005,4017,4032,4046,4064,4079,4090,4101,4115,4128,4150,4174,4190,4200,4215,4225,4229,4230,4223,4204,4164
3208,3208,3206,3202,3196,3198,3205,3214,3225,3234,3242,3250,3257,3261,3266,3272,3277,3276,3276,3279,3282,3283,3283,3282,3280,3277,3276,3275,3277,3284,3291,3296,3296,3295,3295,3295,3296,3299,3300,3297,3295,3292,3288,3287,3290,3293,3299,3305,3310,3316,3322,3325,3330,3335,3336,3339,3341,3340,3337,3333,3328,3326,3326,3330,3336,3344,3353,3366,3377,3388,3401,3409,3419,3428,3438,3445,3449,3454,3459,3459,3455,3452,3450,3448,3446,3446,3448,3451,3455,3459,3465,3473,3483,3496,3506,3510,3508,3500,3489,3480,3477,3476,3477,3474,3477,3489,3504,3516,3530,3543,3554,3567,3576,3582,3598,3616,3623,3633,3649,3654,3661,3667,3668,3664,3663,3665,3668,3669,3665,3666,3671,3674,3679,3689,3703,3718,3727,3738,3752,3766,3773,3775,3774,3777,3782,3788,3794,3804,3816,3825,3835,3846,3853,3850,3836,3813,3785,3767,3759,3758,3759,3760,3759,3754,3742,3725,3716,3711,3710,3707,3705,3704,3700,3701,3706,3708,3703,3700,3698,3697,3704,3720,3735,3754,3765,3770,3775,3776,3776,3773,3771,3771,3771,3774,3776,3781,3790,3800,3811,3828,3846,3862,3879,3892,3881,3872,3869,3869,3875,3882,3889,3904,3923,3946,3989,4039,4064,4085,4101,4113,4114,4106,4090,4068,4043,4021,4003,3996,3992,3987,3981,3978,3974,3952,3959,3970,3990,4011,4027,4041,4056,4074,4080,4088,4104,4129,4155,4175,4187,4193,4201,4206,4213,4214,4205,4180
3202,3201,3197,3193,3189,3193,3203,3213,3222,3229,3235,3243,3252,3256,3259,3265,3268,3266,3268,3272,3276,3277,3278,3278,3276,3271,3267,3265,3268,3276,3283,3286,3286,3286,3287,3288,3290,3293,3292,3289,3286,3284,3282,3283,3286,3289,3295,3300,3305,3313,3319,3322,3326,3330,3330,3332,3334,3334,3330,3325,3322,3321,3321,3326,3334,3345,3356,3371,3382,3393,3405,3412,3422,3432,3440,3446,3451,3455,3457,3454,3449,3445,3442,3440,3439,3440,3440,3441,3446,3452,3458,3466,3475,3487,3496,3501,3500,3493,3484,3476,3471,3469,3466,3468,3474,3487,3500,3513,3527,3543,3553,3559,3567,3574,3590,3606,3618,3624,3633,3640,3644,3646,3650,3651,3654,3657,3657,3655,3649,3648,3652,3656,3664,3674,3687,3703,3712,3723,3736,3750,3759,3757,3751,3751,3759,3768,3777,3780,3790,3803,3813,3824,3838,3840,3832,3818,3791,3773,3767,3766,3766,3767,3767,3767,3761,3752,3733,3725,3729,3726,3725,3723,3719,3719,3722,3722,3720,3717,3711,3711,3723,3736,3748,3763,3777,3780,3783,3784,3783,3780,3777,3777,3777,3777,3779,3783,3794,3808,3817,3828,3849,3880,3899,3905,3896,3889,3883,3880,3883,3892,3906,3924,3957,3980,4006,4047,4081,4105,4121,4125,4111,4096,4084,4072,4053,4027,4003,4000,3992,3980,3966,3957,3949,3938,3939,3948,3967,3989,4007,4022,4035,4053,4063,4072,4087,4106,4125,4141,4158,4170,4176,4184,4196,4208,4204,4192
3195,3193,3190,3185,3183,3189,3201,3209,3217,3222,3226,3233,3242,3246,3250,3256,3259,3261,3264,3267,3270,3271,3272,3271,3268,3264,3260,3258,3261,3269,3275,3278,3277,3278,3279,3281,3284,3285,3282,3280,3277,3274,3275,3278,3282,3287,3292,3296,3301,3308,3314,3318,3321,3323,3323,3324,3326,3324,3321,3316,3315,3314,3316,3324,3334,3346,3361,3375,3386,3396,3407,3417,3424,3432,3441,3446,3449,3452,3452,3448,3441,3437,3434,3430,3428,3428,3428,3428,3435,3443,3451,3460,3471,3479,3486,3491,3488,3480,3471,3463,3462,3459,3456,3456,3464,3481,3499,3510,3524,3537,3546,3552,3559,3572,3584,3596,3604,3611,3620,3627,3632,3635,3635,3637,3642,3646,3645,3640,3634,3633,3634,3642,3652,3662,3668,3678,3692,3705,3719,3733,3740,3739,3735,3734,3735,3743,3753,3759,3765,3778,3797,3807,3818,3830,3830,3820,3801,3786,3778,3774,3772,3771,3773,3777,3783,3782,3773,3761,3754,3748,3742,3737,3734,3734,3735,3735,3735,3732,3728,3728,3741,3755,3765,3774,3785,3792,3790,3788,3788,3786,3783,3784,3785,3787,3787,3789,3798,3813,3826,3844,3867,3893,3903,3915,3910,3904,3907,3905,3914,3929,3945,3974,4013,4027,4043,4072,4099,4112,4121,4120,4102,4087,4075,4063,4040,4015,4003,3998,3987,3965,3949,3935,3923,3922,3924,3930,3946,3969,3986,4001,4018,4035,4047,4059,4075,4091,4108,4123,4132,4147,4161,4169,4185,4202,4210,4209
3189,3188,3186,3181,3179,3186,3195,3202,3210,3218,3222,3228,3238,3241,3244,3250,3255,3256,3259,3261,3264,3266,3266,3264,3261,3257,3253,3249,3250,3260,3267,3267,3267,3267,3272,3277,3279,3279,3275,3272,3270,3268,3269,3273,3277,3283,3288,3292,3297,3301,3304,3309,3314,3314,3313,3313,3314,3312,3310,3309,3309,3311,3316,3325,3337,3350,3362,3375,3386,3397,3409,3421,3427,3431,3438,3445,3447,3448,3447,3442,3434,3429,3425,3421,3419,3419,3419,3420,3423,3431,3440,3449,3458,3469,3475,3476,3475,3471,3462,3454,3452,3449,3444,3448,3459,3477,3495,3505,3513,3522,3536,3548,3560,3572,3578,3585,3595,3604,3612,3616,3622,3624,3621,3622,3619,3619,3623,3621,3618,3615,3619,3627,3636,3645,3654,3662,3673,3689,3702,3710,3711,3717,3721,3719,3716,3723,3732,3740,3747,3758,3773,3790,3807,3822,3827,3821,3809,3800,3793,3788,3783,3783,3802,3812,3810,3806,3796,3785,3775,3765,3756,3750,3745,3747,3749,3746,3745,3744,3743,3744,3756,3772,3781,3786,3797,3804,3797,3792,3792,3791,3793,3792,3794,3796,3796,3795,3803,3824,3844,3875,3901,3911,3921,3932,3934,3923,3941,3972,3977,3992,4000,4023,4042,4055,4073,4102,4109,4107,4105,4098,4080,4067,4061,4049,4024,4007,3997,3984,3977,3955,3938,3919,3903,3901,3903,3912,3924,3939,3959,3977,3995,4017,4034,4046,4058,4070,4089,4108,4117,4125,4137,4147,4164,4187,4212,4213
3185,3185,3183,3178,3177,3182,3190,3196,3206,3214,3218,3225,3235,3240,3243,3246,3249,3252,3254,3256,3260,3262,3261,3259,3256,3252,3247,3242,3242,3249,3256,3257,3255,3259,3264,3269,3272,3271,3267,3263,3262,3263,3264,3269,3276,3282,3284,3288,3292,3293,3295,3299,3302,3301,3298,3301,3303,3303,3300,3301,3305,3313,3320,3329,3340,3352,3362,3376,3387,3399,3410,3421,3429,3432,3437,3441,3444,3444,3441,3435,3429,3425,3418,3411,3410,3410,3411,3413,3416,3423,3432,3439,3448,3462,3468,3467,3466,3461,3453,3444,3438,3436,3435,3441,3455,3472,3485,3493,3502,3513,3530,3543,3553,3565,3570,3575,3581,3588,3602,3605,3608,3607,3601,3602,3600,3597,3601,3600,3601,3603,3607,3612,3616,3621,3629,3641,3655,3671,3688,3697,3700,3700,3697,3698,3699,3703,3713,3722,3732,3740,3754,3780,3801,3817,3829,3826,3820,3816,3813,3809,3802,3819,3834,3831,3828,3820,3811,3800,3794,3783,3778,3774,3768,3762,3760,3759,3757,3756,3752,3758,3771,3787,3798,3805,3817,3816,3804,3799,3796,3795,3795,3797,3798,3800,3800,3802,3816,3840,3862,3890,3916,3929,3946,3970,3974,3967,3991,4005,4015,4026,4032,4048,4067,4084,4101,4109,4107,4091,4075,4065,4046,4038,4032,4017,4005,4000,3985,3968,3963,3947,3929,3906,3889,3885,3888,3895,3905,3922,3935,3950,3966,3980,4006,4025,4027,4043,4068,4087,4094,4097,4112,4127,4133,4151,4197,4205
3181,3182,3181,3178,3176,3180,3186,3192,3200,3208,3214,3220,3227,3232,3236,3241,3244,3249,3251,3252,3255,3257,3254,3252,3250,3244,3239,3235,3233,3238,3246,3250,3250,3252,3257,3262,3264,3262,3257,3254,3255,3257,3260,3265,3273,3279,3282,3283,3282,3283,3284,3284,3286,3285,3282,3286,3290,3291,3291,3293,3300,3312,3323,3333,3342,3352,3364,3377,3388,3398,3407,3417,3425,3429,3433,3436,3439,3438,3435,3428,3422,3417,3409,3405,3402,3401,3401,3403,3409,3418,3428,3435,3444,3456,3460,3460,3456,3450,3441,3431,3425,3425,3428,3437,3451,3466,3478,3486,3496,3510,3525,3535,3545,3555,3561,3566,3571,3578,3587,3595,3592,3587,3580,3580,3580,3582,3587,3589,3589,3592,3598,3602,3605,3608,3615,3627,3641,3658,3674,3688,3693,3686,3678,3675,3678,3687,3698,3705,3713,3728,3750,3776,3798,3815,3826,3830,3830,3830,3826,3825,3837,3852,3856,3853,3849,3840,3828,3819,3809,3802,3799,3797,3788,3776,3772,3770,3772,3771,3771,3776,3798,3818,3820,3828,3833,3825,3812,3802,3799,3799,3798,3797,3801,3806,3805,3811,3833,3858,3882,3901,3918,3942,3973,3989,3997,4009,4018,4029,4039,4049,4060,4077,4087,4099,4105,4099,4086,4068,4051,4039,4022,4012,4000,3988,3988,3989,3976,3954,3942,3928,3909,3892,3878,3875,3876,3879,3886,3903,3917,3925,3935,3953,3974,3986,3997,4015,4036,4056,4068,4077,4089,4104,4119,4127,4151,4179
3176,3178,3179,3176,3173,3175,3180,3187,3195,3202,3208,3214,3220,3227,3231,3235,3241,3245,3248,3249,3250,3250,3249,3247,3244,3237,3231,3226,3225,3230,3238,3243,3245,3246,3247,3252,3254,3253,3250,3249,3252,3255,3259,3264,3271,3276,3280,3277,3274,3273,3272,3271,3276,3276,3275,3279,3282,3283,3285,3290,3299,3309,3320,3333,3343,3354,3366,3376,3385,3394,3402,3410,3417,3423,3428,3431,3433,3434,3430,3422,3413,3408,3401,3397,3393,3389,3390,3394,3401,3412,3425,3432,3438,3448,3454,3455,3450,3442,3431,3420,3415,3416,3424,3436,3448,3462,3474,3482,3492,3506,3519,3527,3537,3547,3556,3562,3567,3570,3575,3577,3574,3568,3564,3564,3565,3570,3575,3577,3577,3579,3581,3585,3593,3601,3606,3614,3626,3641,3655,3667,3672,3668,3663,3661,3664,3673,3683,3691,3699,3712,3740,3770,3790,3805,3818,3828,3833,3838,3837,3840,3852,3866,3868,3868,3866,3858,3847,3841,3834,3818,3818,3816,3808,3797,3787,3789,3792,3792,3794,3803,3836,3859,3843,3844,3839,3828,3817,3809,3805,3804,3802,3801,3804,3809,3811,3817,3846,3883,3905,3916,3933,3958,3986,3999,4007,4014,4020,4029,4039,4051,4063,4079,4086,4092,4096,4087,4068,4048,4032,4018,4002,3991,3975,3965,3969,3973,3960,3933,3924,3905,3892,3879,3867,3861,3863,3868,3875,3887,3898,3907,3913,3925,3938,3954,3972,3993,4012,4030,4051,4066,4074,4089,4104,4118,4137,4162
3172,3175,3175,3172,3168,3169,3173,3179,3188,3197,3204,3211,3218,3223,3226,3231,3238,3242,3243,3244,3244,3243,3243,3241,3239,3233,3227,3223,3219,3223,3230,3237,3240,3240,3239,3241,3243,3243,3244,3246,3250,3255,3261,3267,3271,3273,3274,3272,3269,3267,3264,3264,3268,3271,3273,3276,3278,3279,3282,3291,3301,3312,3322,3331,3341,3355,3367,3376,3384,3392,3400,3407,3412,3417,3422,3425,3429,3428,3423,3414,3405,3399,3392,3387,3382,3379,3381,3387,3396,3407,3417,3424,3432,3441,3448,3450,3445,3433,3421,3411,3408,3413,3421,3433,3447,3460,3472,3481,3489,3499,3511,3521,3527,3539,3549,3555,3558,3559,3560,3558,3555,3552,3550,3550,3551,3555,3559,3561,3562,3563,3563,3569,3581,3591,3595,3599,3607,3619,3633,3649,3654,3652,3650,3651,3654,3660,3668,3676,3690,3706,3728,3758,3786,3799,3809,3817,3827,3834,3840,3847,3860,3876,3883,3885,3884,3876,3869,3861,3850,3842,3843,3845,3838,3819,3814,3816,3819,3821,3831,3847,3877,3888,3872,3857,3845,3834,3824,3816,3814,3812,3808,3807,3808,3812,3816,3830,3862,3897,3928,3945,3957,3972,3986,3994,3999,4004,4011,4019,4028,4038,4049,4061,4074,4079,4083,4075,4053,4034,4015,3996,3980,3968,3958,3949,3948,3953,3944,3925,3916,3902,3885,3874,3859,3850,3852,3860,3868,3872,3881,3891,3897,3905,3916,3934,3954,3974,3990,4009,4031,4050,4058,4066,4081,4101,4121,4146
3170,3171,3170,3167,3164,3164,3167,3172,3182,3190,3197,3205,3213,3218,3222,3225,3231,3235,3235,3236,3236,3237,3237,3235,3233,3229,3223,3218,3214,3216,3221,3227,3231,3233,3232,3234,3236,3238,3242,3247,3251,3256,3263,3267,3269,3268,3265,3263,3263,3262,3260,3259,3263,3268,3274,3277,3279,3279,3285,3295,3304,3314,3325,3334,3344,3357,3367,3376,3382,3390,3398,3403,3406,3409,3413,3415,3421,3421,3415,3406,3396,3390,3384,3378,3374,3374,3374,3380,3392,3402,3411,3418,3426,3438,3445,3444,3437,3425,3415,3408,3408,3413,3419,3429,3444,3458,3468,3478,3486,3496,3508,3516,3523,3530,3535,3540,3544,3545,3545,3542,3540,3539,3539,3537,3538,3542,3547,3550,3552,3552,3553,3556,3565,3577,3583,3586,3592,3606,3622,3638,3642,3640,3639,3640,3643,3648,3655,3663,3677,3694,3716,3743,3772,3788,3797,3804,3814,3825,3837,3851,3866,3883,3896,3905,3906,3899,3897,3896,3881,3862,3864,3871,3871,3852,3841,3844,3847,3854,3862,3881,3896,3900,3885,3864,3850,3839,3828,3822,3821,3820,3816,3815,3817,3819,3835,3856,3879,3913,3954,3963,3968,3972,3977,3981,3984,3989,3997,4005,4010,4018,4030,4042,4054,4061,4063,4051,4033,4021,4001,3972,3951,3942,3937,3930,3927,3931,3933,3918,3904,3885,3872,3861,3849,3841,3844,3856,3860,3862,3869,3877,3884,3890,3899,3914,3928,3943,3959,3980,4004,4025,4038,4046,4058,4084,4114,4134
3167,3168,3166,3164,3160,3161,3164,3169,3176,3183,3190,3197,3205,3212,3216,3219,3223,3225,3227,3227,3228,3230,3231,3230,3228,3224,3217,3212,3210,3210,3214,3218,3222,3225,3227,3230,3232,3235,3241,3247,3252,3256,3262,3266,3266,3262,3256,3255,3254,3253,3255,3258,3263,3270,3276,3283,3285,3287,3292,3301,3308,3317,3328,3338,3348,3359,3366,3372,3379,3385,3393,3396,3397,3400,3404,3405,3408,3410,3407,3398,3385,3379,3374,3370,3369,3370,3371,3377,3387,3396,3405,3413,3424,3436,3441,3438,3430,3418,3407,3404,3407,3413,3419,3429,3442,3457,3464,3473,3484,3495,3501,3509,3516,3520,3524,3528,3530,3530,3527,3527,3528,3528,3528,3526,3527,3533,3541,3543,3543,3541,3540,3540,3547,3561,3572,3577,3584,3596,3612,3626,3630,3630,3629,3629,3632,3637,3646,3656,3667,3681,3706,3737,3764,3774,3782,3790,3802,3821,3841,3856,3870,3886,3902,3912,3916,3916,3915,3914,3911,3901,3891,3896,3899,3883,3866,3874,3887,3896,3904,3912,3911,3908,3893,3872,3854,3842,3834,3829,3826,3825,3826,3829,3835,3845,3865,3886,3909,3934,3959,3960,3959,3959,3961,3962,3968,3973,3980,3987,3992,4001,4010,4021,4034,4042,4042,4030,4011,3997,3973,3946,3929,3921,3917,3913,3909,3909,3912,3901,3885,3867,3853,3843,3835,3831,3834,3843,3851,3854,3859,3865,3870,3878,3884,3892,3902,3916,3934,3955,3980,4005,4020,4033,4049,4071,4095,4122
3163,3165,3164,3162,3158,3157,3159,3162,3168,3174,3182,3190,3197,3201,3206,3211,3213,3215,3217,3217,3219,3222,3225,3226,3224,3218,3213,3209,3208,3207,3208,3212,3215,3218,3223,3228,3231,3233,3239,3244,3249,3254,3260,3264,3262,3257,3251,3249,3248,3249,3254,3261,3268,3274,3281,3287,3292,3295,3299,3307,3315,3324,3334,3343,3350,3358,3364,3370,3375,3381,3386,3389,3389,3392,3395,3398,3400,3401,3399,3389,3377,3370,3365,3361,3361,3364,3368,3373,3380,3389,3399,3408,3423,3434,3436,3433,3426,3413,3401,3399,3404,3410,3417,3426,3439,3454,3460,3468,3480,3489,3495,3501,3507,3511,3514,3518,3518,3518,3515,3512,3511,3513,3516,3517,3519,3526,3534,3535,3534,3531,3529,3529,3534,3548,3560,3567,3576,3590,3607,3615,3618,3620,3620,3620,3624,3629,3637,3648,3658,3676,3702,3726,3745,3755,3766,3779,3793,3812,3836,3855,3869,3885,3899,3910,3919,3926,3926,3928,3936,3931,3923,3919,3920,3907,3906,3922,3934,3937,3942,3940,3932,3926,3910,3888,3867,3851,3844,3840,3834,3830,3843,3853,3862,3874,3892,3914,3932,3942,3948,3944,3939,3939,3940,3943,3951,3958,3961,3966,3973,3984,3995,4005,4018,4027,4029,4018,3993,3968,3946,3928,3916,3907,3903,3900,3895,3891,3887,3876,3865,3853,3841,3829,3820,3817,3822,3831,3839,3844,3847,3851,3856,3863,3869,3877,3886,3899,3912,3930,3956,3990,4005,4020,4041,4062,4088,4112
3158,3160,3160,3160,3158,3156,3155,3156,3159,3164,3173,3182,3189,3192,3197,3201,3204,3204,3205,3207,3211,3214,3216,3217,3214,3211,3207,3204,3202,3201,3204,3209,3211,3214,3220,3226,3229,3232,3238,3242,3246,3251,3256,3258,3256,3252,3247,3246,3246,3250,3257,3266,3275,3280,3286,3291,3298,3302,3306,3313,3320,3328,3336,3344,3349,3354,3360,3367,3370,3374,3378,3380,3381,3384,3387,3391,3395,3396,3393,3384,3371,3364,3357,3354,3354,3356,3362,3369,3375,3384,3394,3406,3420,3430,3432,3430,3423,3410,3398,3396,3400,3405,3413,3422,3433,3446,3457,3463,3473,3482,3488,3492,3497,3501,3503,3506,3507,3508,3505,3498,3493,3496,3503,3508,3511,3520,3525,3526,3526,3524,3523,3523,3526,3534,3545,3557,3569,3586,3601,3607,3609,3611,3612,3614,3617,3622,3627,3637,3650,3669,3696,3711,3720,3737,3755,3769,3787,3806,3829,3849,3865,3879,3895,3907,3920,3933,3938,3942,3952,3953,3949,3943,3937,3931,3936,3956,3964,3968,3967,3964,3958,3949,3930,3908,3887,3872,3860,3850,3847,3853,3865,3875,3888,3902,3917,3933,3942,3938,3933,3925,3920,3920,3923,3927,3934,3940,3943,3947,3954,3965,3978,3991,4003,4012,4018,4008,3980,3948,3928,3916,3907,3899,3894,3890,3884,3878,3867,3855,3846,3839,3830,3816,3806,3806,3810,3817,3822,3826,3829,3834,3839,3845,3853,3863,3875,3886,3894,3910,3934,3970,3996,4011,4031,4053,4081,4104
3152,3153,3156,3156,3156,3154,3151,3151,3154,3158,3165,3174,3181,3185,3188,3193,3197,3196,3196,3198,3203,3206,3207,3207,3206,3204,3201,3198,3196,3196,3199,3204,3207,3212,3219,3224,3227,3231,3235,3239,3243,3247,3250,3249,3247,3245,3243,3244,3249,3256,3263,3271,3280,3285,3290,3297,3304,3309,3313,3319,3324,3330,3335,3341,3345,3349,3355,3360,3362,3365,3368,3371,3373,3377,3381,3386,3390,3389,3385,3377,3365,3357,3349,3345,3344,3349,3355,3364,3371,3380,3392,3404,3415,3423,3425,3423,3417,3406,3395,3392,3394,3400,3409,3418,3427,3441,3450,3457,3465,3474,3480,3484,3488,3491,3493,3496,3498,3498,3493,3485,3479,3481,3489,3498,3503,3509,3514,3516,3516,3517,3518,3519,3521,3526,3536,3549,3565,3581,3593,3601,3603,3604,3606,3607,3611,3616,3622,3631,3645,3661,3682,3696,3709,3724,3742,3759,3778,3796,3818,3839,3858,3876,3890,3904,3919,3933,3945,3956,3966,3972,3970,3967,3964,3962,3966,3975,3976,3978,3976,3974,3971,3962,3947,3927,3909,3897,3890,3889,3885,3886,3883,3899,3922,3936,3937,3941,3939,3929,3920,3909,3905,3904,3904,3907,3914,3921,3926,3932,3937,3946,3959,3974,3987,3991,3998,3991,3967,3935,3916,3906,3900,3892,3885,3881,3875,3868,3853,3837,3826,3818,3807,3796,3792,3794,3796,3799,3802,3806,3809,3815,3821,3828,3838,3850,3862,3871,3882,3898,3916,3954,3989,4007,4026,4047,4075,4092
3146,3148,3151,3152,3153,3151,3148,3147,3150,3153,3157,3162,3169,3175,3181,3186,3189,3190,3191,3193,3197,3199,3200,3201,3200,3198,3196,3193,3191,3192,3194,3199,3204,3210,3216,3220,3223,3226,3230,3234,3237,3238,3239,3239,3238,3237,3237,3242,3252,3262,3269,3276,3285,3291,3297,3304,3310,3315,3318,3323,3327,3328,3331,3336,3340,3343,3349,3354,3356,3357,3360,3361,3365,3370,3376,3380,3382,3380,3377,3369,3358,3351,3343,3337,3336,3341,3349,3358,3368,3378,3388,3400,3410,3415,3415,3413,3408,3396,3388,3386,3387,3393,3402,3413,3423,3436,3444,3451,3460,3467,3472,3477,3480,3482,3484,3486,3487,3485,3479,3473,3470,3472,3480,3488,3492,3497,3504,3508,3509,3508,3509,3511,3514,3520,3527,3544,3561,3575,3586,3594,3596,3598,3600,3601,3604,3609,3615,3624,3637,3651,3668,3689,3704,3715,3732,3748,3766,3784,3806,3831,3852,3872,3887,3900,3916,3932,3948,3965,3978,3988,3989,3989,3988,3984,3981,3978,3974,3971,3970,3969,3966,3961,3953,3941,3929,3923,3932,3937,3920,3911,3908,3925,3953,3960,3947,3939,3929,3916,3904,3895,3890,3887,3884,3885,3890,3897,3906,3913,3919,3927,3939,3954,3968,3975,3979,3977,3954,3926,3907,3898,3895,3885,3876,3870,3864,3855,3835,3819,3807,3796,3786,3777,3778,3781,3783,3783,3785,3790,3793,3800,3808,3815,3825,3836,3847,3859,3873,3889,3908,3949,3978,3998,4022,4039,4058,4074
3141,3143,3147,3150,3151,3148,3145,3142,3144,3147,3150,3153,3158,3166,3173,3178,3181,3184,3186,3188,3191,3192,3193,3195,3194,3191,3189,3187,3187,3190,3192,3197,3202,3207,3211,3213,3216,3219,3223,3227,3229,3230,3231,3231,3232,3232,3234,3241,3253,3265,3274,3281,3289,3297,3303,3310,3314,3317,3321,3325,3326,3325,3326,3330,3333,3335,3341,3346,3348,3351,3353,3355,3358,3364,3369,3372,3372,3369,3365,3360,3352,3345,3338,3331,3330,3335,3344,3354,3366,3376,3384,3392,3402,3408,3408,3404,3396,3387,3381,3380,3382,3387,3396,3407,3419,3432,3440,3448,3455,3461,3466,3470,3472,3473,3476,3478,3476,3471,3464,3460,3461,3464,3471,3477,3479,3484,3492,3499,3502,3501,3501,3503,3507,3512,3522,3540,3556,3569,3578,3585,3590,3592,3595,3597,3598,3602,3607,3614,3626,3640,3660,3685,3699,3708,3721,3736,3755,3777,3799,3823,3845,3866,3881,3893,3908,3929,3949,3967,3985,3998,3999,3999,3997,3988,3980,3971,3963,3956,3955,3952,3948,3947,3946,3941,3940,3944,3957,3965,3948,3939,3941,3945,3966,3971,3950,3931,3914,3898,3887,3879,3874,3870,3866,3865,3867,3872,3881,3891,3902,3912,3924,3939,3954,3964,3965,3959,3941,3915,3898,3893,3890,3878,3866,3859,3852,3836,3816,3801,3791,3781,3774,3765,3766,3770,3772,3771,3772,3776,3781,3788,3796,3805,3813,3822,3833,3849,3865,3879,3895,3937,3969,3985,4016,4030,4043,4061
3138,3140,3144,3147,3147,3144,3140,3138,3139,3142,3145,3148,3153,3161,3168,3172,3176,3180,3182,3183,3184,3184,3186,3188,3188,3183,3181,3181,3184,3189,3191,3195,3201,3204,3205,3207,3210,3213,3217,3221,3223,3225,3226,3227,3228,3231,3234,3243,3256,3268,3277,3285,3294,3300,3307,3312,3315,3318,3321,3323,3322,3320,3319,3321,3324,3327,3332,3336,3338,3341,3343,3348,3353,3358,3362,3364,3361,3357,3353,3347,3341,3336,3331,3325,3323,3330,3339,3350,3362,3371,3378,3385,3394,3401,3401,3395,3387,3379,3375,3377,3380,3384,3392,3404,3416,3428,3437,3444,3452,3457,3459,3461,3463,3464,3467,3470,3467,3460,3451,3449,3449,3453,3459,3465,3468,3472,3479,3488,3493,3494,3495,3498,3502,3508,3519,3537,3551,3562,3571,3579,3584,3587,3589,3591,3593,3597,3601,3608,3619,3633,3651,3672,3687,3696,3709,3728,3750,3769,3792,3815,3838,3860,3875,3886,3902,3923,3945,3965,3986,3998,4001,4001,3996,3982,3970,3958,3948,3940,3937,3933,3929,3926,3929,3930,3936,3947,3960,3969,3967,3967,3970,3966,3970,3968,3945,3921,3902,3884,3871,3861,3856,3853,3850,3848,3848,3852,3859,3869,3881,3897,3911,3926,3939,3949,3952,3944,3930,3907,3892,3887,3882,3869,3857,3852,3841,3821,3800,3787,3777,3771,3763,3756,3757,3761,3761,3759,3758,3761,3766,3773,3781,3792,3802,3813,3826,3843,3857,3867,3880,3916,3954,3975,4003,4020,4032,4051
3135,3137,3139,3141,3140,3138,3135,3134,3135,3139,3144,3147,3153,3159,3165,3170,3174,3177,3178,3179,3179,3178,3181,3182,3182,3177,3175,3178,3183,3187,3189,3193,3199,3200,3200,3201,3205,3209,3211,3215,3217,3219,3222,3224,3228,3233,3239,3250,3262,3272,3282,3291,3298,3303,3310,3314,3315,3316,3318,3317,3314,3313,3313,3313,3314,3318,3321,3324,3327,3330,3333,3340,3347,3351,3354,3355,3351,3346,3340,3333,3328,3325,3321,3315,3315,3324,3335,3346,3356,3365,3374,3381,3388,3394,3392,3386,3379,3372,3370,3373,3378,3384,3393,3403,3414,3425,3434,3440,3448,3453,3452,3453,3455,3458,3460,3461,3457,3449,3441,3440,3440,3442,3449,3455,3459,3463,3469,3477,3482,3486,3490,3495,3499,3505,3516,3533,3544,3554,3565,3574,3579,3582,3584,3586,3588,3593,3598,3604,3614,3626,3644,3660,3675,3685,3700,3721,3745,3764,3789,3815,3834,3856,3872,3886,3900,3918,3938,3959,3979,3992,3997,3995,3988,3969,3955,3945,3934,3927,3921,3915,3909,3905,3910,3916,3924,3938,3952,3961,3969,3974,3978,3975,3969,3959,3938,3913,3896,3879,3860,3844,3836,3834,3832,3832,3832,3834,3838,3846,3856,3874,3893,3906,3917,3928,3937,3935,3922,3903,3887,3880,3873,3862,3851,3848,3838,3817,3789,3774,3765,3760,3753,3748,3751,3753,3751,3747,3744,3746,3751,3760,3768,3778,3789,3803,3820,3838,3849,3857,3872,3905,3938,3960,3980,3998,4011,4030
3130,3133,3135,3135,3134,3132,3130,3130,3132,3137,3144,3147,3152,3158,3163,3167,3171,3173,3172,3174,3173,3174,3176,3176,3175,3172,3172,3177,3182,3186,3187,3190,3195,3197,3197,3197,3200,3203,3205,3207,3210,3213,3218,3222,3228,3235,3245,3256,3267,3276,3288,3297,3302,3307,3313,3315,3313,3312,3312,3310,3306,3305,3306,3306,3307,3309,3312,3315,3317,3321,3326,3333,3340,3345,3348,3347,3343,3336,3328,3320,3317,3315,3310,3306,3309,3319,3332,3342,3350,3361,3371,3377,3384,3386,3382,3376,3371,3367,3365,3369,3375,3384,3393,3403,3412,3422,3428,3434,3442,3445,3444,3445,3448,3451,3452,3450,3445,3438,3433,3432,3434,3437,3444,3448,3451,3455,3462,3469,3474,3479,3485,3490,3494,3500,3511,3527,3538,3548,3560,3569,3574,3578,3580,3581,3584,3590,3597,3603,3610,3620,3638,3656,3670,3680,3695,3713,3736,3758,3781,3806,3823,3843,3867,3888,3902,3919,3935,3953,3969,3982,3986,3981,3972,3952,3939,3933,3924,3916,3905,3896,3888,3885,3890,3898,3907,3922,3938,3949,3958,3964,3969,3971,3965,3953,3935,3912,3891,3875,3853,3833,3823,3818,3815,3815,3815,3815,3817,3823,3834,3852,3869,3882,3893,3907,3921,3926,3916,3900,3884,3875,3866,3857,3848,3843,3835,3815,3786,3765,3756,3751,3746,3744,3745,3745,3742,3738,3736,3737,3742,3750,3758,3767,3778,3790,3807,3825,3838,3850,3868,3900,3926,3941,3956,3972,3987,4003
3125,3128,3131,3130,3130,3129,3126,3126,3130,3136,3143,3148,3152,3156,3160,3164,3169,3170,3169,3168,3168,3168,3169,3169,3169,3168,3170,3175,3180,3183,3184,3187,3191,3193,3193,3193,3195,3198,3200,3202,3207,3210,3215,3222,3229,3237,3248,3258,3268,3279,3290,3299,3304,3308,3313,3313,3310,3307,3304,3302,3300,3299,3299,3300,3301,3302,3305,3309,3311,3316,3321,3326,3332,3337,3340,3340,3336,3328,3319,3312,3308,3305,3301,3299,3305,3317,3329,3337,3346,3357,3367,3373,3378,3377,3373,3368,3365,3363,3363,3365,3371,3381,3393,3402,3411,3418,3423,3427,3433,3436,3435,3437,3439,3441,3440,3436,3431,3428,3426,3427,3429,3433,3440,3444,3446,3448,3453,3461,3467,3473,3478,3483,3486,3494,3506,3521,3531,3543,3554,3564,3569,3573,3575,3577,3581,3589,3596,3602,3610,3620,3635,3651,3668,3678,3690,3705,3727,3748,3767,3786,3803,3823,3861,3890,3904,3922,3935,3946,3959,3971,3971,3964,3955,3937,3925,3919,3913,3901,3884,3875,3866,3864,3870,3877,3886,3899,3918,3931,3940,3949,3958,3964,3962,3951,3933,3910,3884,3865,3847,3829,3818,3809,3804,3800,3798,3799,3801,3807,3820,3836,3848,3860,3878,3894,3909,3917,3912,3896,3881,3872,3862,3854,3846,3839,3829,3813,3791,3763,3750,3745,3740,3738,3739,3739,3735,3732,3731,3734,3737,3743,3751,3760,3770,3779,3793,3812,3825,3843,3864,3889,3911,3923,3935,3951,3968,3981
3120,3123,3127,3128,3128,3126,3123,3124,3130,3136,3142,3146,3151,3154,3157,3161,3166,3168,3165,3162,3163,3163,3163,3164,3164,3165,3168,3173,3176,3179,3181,3182,3185,3188,3188,3190,3194,3196,3199,3203,3207,3211,3217,3225,3232,3240,3250,3258,3267,3279,3291,3299,3304,3307,3310,3309,3305,3301,3297,3295,3294,3293,3292,3293,3293,3295,3298,3302,3306,3309,3314,3320,3324,3328,3332,3332,3329,3320,3310,3302,3297,3294,3293,3294,3304,3315,3326,3334,3343,3354,3363,3369,3372,3369,3366,3362,3359,3360,3362,3365,3370,3380,3391,3400,3408,3414,3419,3421,3426,3428,3428,3429,3430,3431,3428,3424,3420,3419,3420,3422,3425,3427,3434,3439,3441,3442,3444,3452,3459,3466,3471,3475,3479,3489,3502,3516,3526,3537,3548,3558,3564,3567,3569,3573,3580,3589,3596,3602,3612,3622,3634,3648,3665,3675,3685,3699,3718,3741,3759,3774,3790,3820,3862,3889,3900,3916,3927,3936,3946,3956,3955,3951,3943,3924,3910,3900,3894,3883,3865,3854,3848,3846,3849,3853,3860,3872,3892,3905,3915,3926,3942,3954,3958,3952,3936,3908,3882,3858,3842,3829,3816,3804,3796,3790,3786,3785,3787,3794,3806,3820,3832,3845,3866,3884,3900,3910,3909,3896,3880,3868,3858,3850,3845,3839,3827,3816,3792,3761,3747,3740,3734,3730,3734,3736,3732,3728,3728,3730,3733,3737,3744,3754,3764,3773,3786,3804,3818,3835,3856,3877,3894,3905,3916,3931,3946,3955
3117,3120,3124,3126,3126,3124,3120,3122,3129,3134,3139,3142,3147,3150,3153,3158,3163,3164,3161,3158,3158,3160,3160,3160,3161,3163,3167,3171,3173,3174,3176,3176,3179,3182,3185,3190,3195,3198,3203,3208,3210,3214,3222,3229,3235,3243,3253,3261,3268,3279,3291,3299,3304,3306,3306,3304,3300,3294,3291,3288,3286,3285,3284,3284,3285,3288,3292,3295,3298,3302,3308,3315,3319,3322,3323,3322,3318,3309,3299,3291,3286,3284,3286,3291,3302,3314,3325,3332,3341,3352,3361,3366,3366,3363,3359,3356,3354,3356,3360,3364,3370,3379,3388,3398,3405,3411,3413,3415,3418,3421,3421,3421,3420,3419,3416,3413,3410,3411,3414,3417,3419,3422,3427,3431,3434,3435,3438,3444,3452,3459,3465,3471,3477,3486,3497,3511,3522,3531,3541,3550,3558,3562,3564,3570,3579,3587,3593,3602,3613,3622,3633,3647,3662,3672,3684,3697,3713,3737,3753,3767,3789,3825,3858,3877,3893,3906,3914,3923,3932,3938,3939,3937,3930,3911,3897,3884,3875,3866,3850,3837,3831,3828,3828,3830,3835,3845,3864,3879,3891,3901,3920,3938,3949,3951,3939,3914,3884,3857,3841,3828,3813,3799,3790,3782,3777,3774,3775,3779,3786,3799,3814,3831,3848,3869,3890,3903,3907,3898,3884,3868,3858,3850,3844,3838,3828,3820,3787,3756,3747,3738,3731,3727,3731,3733,3728,3725,3725,3727,3730,3732,3736,3746,3756,3768,3782,3798,3814,3828,3845,3866,3882,3893,3900,3911,3921,3929
3116,3118,3120,3123,3123,3120,3118,3120,3127,3131,3135,3139,3144,3146,3149,3154,3158,3157,3155,3152,3152,3155,3156,3157,3159,3162,3166,3168,3168,3169,3172,3174,3176,3180,3187,3193,3198,3203,3210,3214,3216,3220,3226,3230,3237,3244,3255,3264,3270,3278,3289,3296,3301,3303,3302,3299,3293,3288,3284,3281,3279,3278,3276,3276,3278,3283,3287,3290,3292,3296,3303,3310,3313,3313,3313,3309,3303,3296,3288,3280,3276,3275,3280,3289,3301,3313,3323,3331,3339,3349,3358,3361,3360,3356,3353,3351,3350,3353,3356,3362,3370,3378,3386,3395,3402,3407,3408,3409,3411,3412,3410,3409,3405,3403,3401,3401,3401,3402,3406,3409,3413,3416,3419,3423,3426,3429,3432,3438,3446,3452,3459,3469,3477,3484,3492,3504,3516,3525,3533,3541,3548,3551,3556,3565,3576,3584,3591,3602,3612,3618,3630,3644,3661,3672,3684,3700,3718,3735,3752,3775,3800,3826,3844,3865,3882,3896,3900,3908,3916,3919,3922,3924,3919,3900,3887,3875,3862,3851,3836,3823,3816,3813,3812,3814,3819,3827,3843,3861,3876,3886,3898,3917,3931,3940,3936,3918,3890,3866,3845,3827,3810,3795,3786,3776,3769,3766,3767,3769,3771,3779,3796,3816,3834,3858,3876,3890,3898,3898,3891,3875,3861,3852,3844,3837,3829,3821,3784,3753,3745,3738,3731,3729,3730,3729,3725,3723,3723,3726,3727,3726,3728,3736,3747,3763,3779,3793,3809,3822,3836,3853,3870,3881,3887,3892,3900,3909
3115,3115,3116,3118,3119,3116,3115,3119,3125,3128,3131,3135,3140,3141,3142,3147,3151,3150,3148,3146,3146,3149,3151,3153,3156,3160,3162,3162,3164,3166,3169,3172,3174,3180,3187,3194,3202,3208,3213,3217,3221,3226,3230,3232,3237,3244,3253,3264,3271,3276,3285,3290,3296,3299,3298,3293,3286,3281,3279,3275,3273,3271,3270,3271,3274,3278,3282,3285,3287,3292,3297,3300,3301,3301,3300,3296,3289,3284,3278,3271,3268,3270,3276,3287,3299,3312,3323,3331,3338,3347,3353,3354,3352,3349,3346,3346,3348,3350,3354,3361,3369,3379,3386,3392,3397,3404,3406,3406,3406,3403,3399,3395,3390,3390,3387,3389,3391,3394,3398,3403,3408,3411,3413,3418,3422,3424,3426,3432,3440,3447,3454,3465,3474,3480,3485,3495,3507,3516,3524,3531,3536,3540,3546,3557,3570,3580,3591,3601,3609,3616,3629,3645,3664,3674,3687,3708,3726,3739,3755,3776,3796,3817,3838,3857,3870,3880,3886,3893,3900,3905,3909,3911,3908,3890,3877,3865,3852,3836,3819,3807,3801,3801,3802,3804,3808,3814,3825,3842,3859,3871,3880,3895,3910,3926,3932,3920,3900,3878,3851,3826,3808,3793,3781,3770,3762,3759,3759,3760,3761,3767,3783,3803,3825,3851,3869,3883,3892,3896,3893,3879,3861,3851,3844,3837,3828,3814,3778,3748,3739,3733,3731,3731,3730,3726,3722,3719,3720,3724,3725,3722,3722,3729,3741,3755,3771,3787,3803,3816,3830,3844,3856,3866,3874,3880,3889,3902
3115,3115,3113,3112,3112,3112,3112,3118,3122,3124,3125,3128,3133,3133,3134,3138,3143,3143,3141,3142,3143,3144,3146,3148,3151,3155,3155,3156,3160,3164,3166,3167,3172,3181,3189,3198,3207,3212,3215,3217,3222,3225,3229,3232,3237,3244,3253,3261,3268,3274,3280,3285,3290,3294,3293,3289,3281,3276,3274,3271,3268,3264,3265,3268,3272,3274,3277,3281,3283,3287,3290,3292,3292,3290,3288,3284,3276,3273,3268,3265,3264,3268,3276,3286,3299,3311,3322,3330,3338,3345,3349,3349,3346,3344,3341,3341,3345,3350,3354,3360,3369,3381,3389,3392,3396,3401,3403,3402,3400,3396,3390,3384,3380,3379,3377,3377,3379,3386,3393,3399,3403,3407,3409,3413,3419,3423,3426,3432,3438,3443,3450,3460,3467,3473,3479,3488,3498,3508,3514,3522,3527,3531,3539,3550,3562,3577,3590,3599,3609,3618,3631,3648,3665,3675,3689,3711,3730,3741,3754,3771,3788,3808,3829,3847,3857,3866,3874,3880,3886,3891,3894,3896,3893,3877,3863,3851,3840,3824,3805,3794,3790,3791,3793,3796,3798,3801,3811,3822,3833,3846,3861,3876,3896,3915,3924,3917,3900,3879,3852,3818,3805,3791,3778,3765,3755,3751,3751,3750,3749,3754,3766,3786,3822,3856,3870,3882,3890,3893,3889,3878,3859,3848,3839,3833,3822,3804,3774,3744,3733,3728,3728,3730,3728,3725,3721,3718,3717,3719,3720,3719,3718,3725,3734,3745,3757,3773,3789,3805,3822,3835,3843,3850,3862,3872,3879,3893
3112,3111,3108,3106,3108,3109,3112,3114,3118,3119,3120,3121,3123,3127,3129,3132,3136,3137,3136,3138,3140,3140,3140,3141,3145,3149,3151,3153,3156,3163,3163,3164,3169,3180,3192,3202,3210,3216,3219,3219,3219,3221,3225,3232,3237,3244,3253,3258,3265,3271,3277,3283,3288,3291,3291,3286,3278,3273,3270,3267,3262,3259,3260,3264,3267,3269,3273,3278,3280,3282,3283,3287,3288,3285,3283,3276,3268,3264,3260,3260,3262,3268,3276,3287,3299,3309,3319,3328,3336,3343,3346,3345,3343,3341,3338,3338,3341,3349,3357,3362,3370,3382,3388,3392,3396,3399,3398,3397,3393,3389,3382,3373,3368,3368,3367,3366,3370,3378,3388,3395,3400,3404,3408,3412,3418,3424,3430,3435,3439,3442,3448,3455,3461,3466,3472,3482,3493,3501,3507,3516,3523,3528,3538,3548,3560,3576,3590,3601,3612,3624,3639,3656,3671,3681,3694,3712,3730,3738,3750,3766,3781,3795,3812,3827,3841,3850,3859,3865,3870,3876,3878,3880,3879,3866,3848,3835,3825,3811,3794,3785,3781,3781,3785,3786,3786,3790,3797,3804,3812,3823,3841,3861,3885,3905,3916,3911,3899,3881,3854,3820,3804,3791,3775,3760,3750,3744,3742,3740,3741,3746,3757,3778,3812,3847,3865,3874,3882,3885,3886,3876,3853,3839,3828,3822,3812,3790,3762,3739,3729,3725,3724,3726,3725,3723,3721,3717,3715,3715,3715,3716,3716,3720,3727,3735,3744,3757,3771,3791,3816,3832,3839,3847,3857,3865,3874,3886
3107,3106,3105,3103,3104,3106,3108,3109,3112,3115,3116,3116,3118,3122,3126,3128,3130,3131,3131,3133,3135,3136,3135,3137,3142,3146,3150,3153,3156,3165,3167,3167,3172,3186,3197,3204,3211,3218,3220,3217,3216,3217,3222,3229,3236,3242,3250,3256,3263,3270,3275,3281,3287,3290,3289,3283,3275,3271,3268,3262,3258,3256,3255,3257,3260,3263,3268,3273,3275,3275,3276,3281,3284,3281,3277,3270,3262,3255,3254,3257,3264,3270,3277,3287,3298,3307,3316,3325,3333,3340,3343,3342,3341,3340,3337,3337,3339,3347,3357,3364,3371,3382,3386,3389,3393,3393,3391,3388,3385,3380,3373,3364,3360,3360,3359,3360,3365,3373,3384,3392,3398,3403,3410,3415,3420,3425,3432,3437,3440,3443,3448,3453,3457,3461,3465,3477,3488,3497,3505,3515,3522,3530,3542,3553,3565,3579,3593,3605,3621,3634,3649,3663,3675,3687,3699,3712,3722,3730,3742,3757,3773,3786,3795,3806,3820,3830,3841,3848,3852,3861,3864,3864,3865,3850,3835,3824,3811,3794,3786,3779,3774,3772,3775,3775,3772,3776,3783,3787,3795,3807,3826,3847,3866,3888,3903,3903,3897,3883,3853,3824,3808,3794,3773,3754,3745,3740,3736,3733,3736,3742,3752,3766,3778,3817,3854,3862,3871,3878,3880,3869,3840,3823,3811,3804,3792,3771,3748,3729,3723,3722,3723,3724,3722,3722,3720,3718,3715,3711,3711,3714,3716,3717,3721,3726,3733,3745,3760,3781,3808,3831,3841,3851,3859,3865,3873,3882
3104,3104,3103,3103,3101,3100,3101,3103,3107,3111,3113,3114,3115,3118,3121,3123,3124,3126,3126,3128,3132,3134,3135,3138,3144,3148,3152,3156,3163,3172,3174,3175,3183,3194,3203,3206,3211,3215,3215,3213,3213,3214,3219,3225,3233,3239,3245,3251,3259,3265,3272,3277,3283,3287,3286,3279,3270,3266,3263,3257,3253,3251,3249,3249,3251,3255,3259,3264,3267,3269,3270,3273,3275,3272,3268,3259,3251,3247,3249,3257,3269,3275,3280,3287,3298,3308,3314,3322,3329,3335,3337,3337,3338,3337,3335,3336,3339,3346,3356,3364,3371,3378,3382,3384,3386,3384,3380,3376,3373,3369,3362,3356,3355,3356,3355,3357,3363,3374,3385,3393,3398,3405,3413,3420,3426,3429,3434,3440,3443,3444,3447,3453,3457,3460,3463,3471,3485,3494,3504,3514,3523,3531,3545,3562,3574,3586,3598,3612,3629,3642,3652,3662,3675,3687,3700,3707,3712,3719,3730,3743,3760,3774,3782,3790,3800,3810,3820,3827,3837,3848,3853,3852,3852,3833,3825,3815,3799,3780,3776,3771,3764,3764,3765,3764,3763,3763,3765,3771,3778,3786,3804,3822,3840,3866,3885,3891,3885,3873,3851,3829,3810,3792,3769,3751,3742,3738,3732,3729,3731,3738,3748,3757,3784,3830,3846,3851,3864,3870,3868,3854,3822,3803,3792,3782,3765,3749,3734,3720,3714,3717,3718,3718,3717,3718,3719,3718,3715,3709,3709,3711,3713,3714,3715,3718,3725,3737,3755,3780,3811,3831,3843,3853,3860,3868,3875,3881
3099,3100,3100,3101,3099,3096,3096,3099,3103,3107,3110,3112,3109,3113,3116,3118,3120,3122,3125,3127,3131,3134,3134,3140,3148,3156,3163,3169,3175,3182,3184,3188,3196,3202,3204,3208,3211,3211,3210,3207,3206,3208,3214,3222,3229,3234,3240,3247,3254,3260,3266,3272,3277,3279,3277,3271,3264,3260,3257,3252,3248,3244,3242,3242,3245,3248,3253,3259,3262,3265,3266,3267,3266,3262,3256,3248,3242,3241,3246,3255,3270,3275,3279,3286,3297,3304,3310,3317,3324,3331,3332,3332,3334,3332,3331,3333,3337,3345,3356,3366,3372,3376,3378,3378,3377,3374,3369,3365,3363,3358,3351,3348,3349,3350,3349,3354,3363,3374,3386,3394,3400,3407,3418,3427,3431,3434,3439,3445,3448,3450,3454,3458,3462,3465,3466,3469,3480,3491,3501,3512,3520,3532,3549,3565,3578,3592,3604,3617,3633,3643,3651,3661,3676,3687,3695,3699,3703,3708,3716,3726,3738,3755,3769,3779,3787,3795,3802,3810,3822,3840,3845,3843,3839,3821,3808,3792,3775,3765,3760,3756,3753,3753,3754,3756,3755,3753,3753,3757,3761,3768,3782,3810,3830,3848,3871,3878,3872,3862,3846,3827,3806,3784,3762,3747,3742,3738,3735,3729,3731,3739,3744,3745,3760,3817,3840,3843,3857,3858,3848,3830,3803,3789,3774,3759,3740,3730,3721,3710,3706,3708,3709,3708,3708,3709,3711,3711,3710,3707,3708,3708,3708,3709,3710,3713,3721,3732,3757,3786,3815,3838,3846,3851,3859,3868,3873,3877
3092,3095,3097,3098,3098,3097,3096,3098,3100,3103,3106,3107,3107,3111,3114,3116,3117,3119,3121,3124,3128,3131,3133,3140,3153,3163,3171,3177,3182,3187,3192,3197,3200,3200,3203,3207,3208,3206,3204,3201,3201,3204,3211,3218,3224,3230,3236,3243,3251,3257,3263,3267,3270,3271,3269,3263,3258,3253,3248,3248,3243,3239,3235,3235,3239,3245,3251,3257,3259,3259,3261,3263,3258,3254,3250,3242,3237,3240,3247,3257,3268,3272,3278,3285,3292,3297,3302,3308,3316,3326,3329,3330,3330,3329,3328,3332,3339,3349,3357,3364,3369,3372,3372,3371,3367,3364,3360,3356,3352,3348,3343,3341,3343,3343,3347,3354,3365,3377,3388,3396,3403,3411,3420,3428,3433,3439,3445,3451,3455,3458,3461,3463,3469,3474,3476,3477,3483,3493,3502,3512,3522,3536,3549,3564,3578,3591,3604,3617,3629,3638,3648,3664,3682,3692,3695,3695,3696,3700,3705,3713,3723,3737,3752,3764,3772,3781,3787,3793,3806,3828,3836,3834,3832,3820,3782,3770,3757,3749,3742,3739,3741,3742,3742,3743,3742,3740,3741,3744,3748,3755,3771,3799,3825,3844,3861,3863,3860,3850,3838,3819,3796,3773,3756,3740,3736,3737,3735,3727,3729,3737,3745,3747,3768,3820,3840,3838,3845,3844,3826,3808,3792,3776,3760,3742,3726,3714,3702,3695,3696,3694,3694,3696,3696,3699,3702,3705,3706,3704,3704,3703,3702,3702,3705,3709,3718,3731,3742,3779,3822,3836,3844,3851,3860,3868,3876,3881
3088,3090,3093,3094,3096,3097,3097,3098,3099,3101,3104,3105,3107,3111,3112,3113,3115,3119,3120,3122,3123,3129,3137,3148,3156,3164,3173,3178,3181,3187,3195,3201,3200,3199,3202,3206,3205,3199,3197,3196,3197,3201,3208,3213,3220,3226,3232,3238,3246,3253,3258,3260,3263,3265,3262,3256,3251,3246,3242,3241,3235,3231,3231,3232,3237,3243,3250,3254,3255,3255,3257,3259,3256,3251,3245,3238,3236,3240,3247,3257,3268,3273,3279,3286,3289,3291,3295,3300,3307,3318,3324,3325,3326,3326,3326,3331,3339,3348,3356,3360,3365,3366,3366,3363,3357,3353,3350,3347,3344,3340,3336,3335,3339,3341,3349,3359,3370,3382,3393,3401,3409,3416,3425,3431,3437,3444,3452,3456,3461,3466,3472,3480,3490,3492,3497,3500,3503,3506,3510,3518,3525,3535,3547,3562,3575,3588,3604,3619,3631,3639,3649,3663,3679,3687,3687,3685,3687,3691,3695,3700,3710,3722,3735,3745,3754,3762,3771,3783,3799,3817,3824,3821,3816,3787,3764,3754,3746,3736,3728,3724,3725,3726,3729,3731,3729,3726,3726,3730,3735,3741,3755,3775,3805,3829,3843,3847,3845,3835,3820,3798,3774,3758,3747,3732,3727,3729,3727,3721,3724,3734,3749,3756,3788,3838,3839,3831,3836,3830,3811,3793,3776,3759,3744,3730,3712,3696,3682,3678,3677,3674,3674,3680,3686,3691,3696,3701,3702,3701,3699,3697,3696,3699,3701,3705,3716,3733,3749,3775,3805,3828,3842,3850,3860,3870,3888,3905
3088,3089,3090,3093,3094,3094,3094,3096,3097,3097,3100,3102,3102,3105,3107,3110,3115,3118,3119,3118,3120,3127,3138,3148,3156,3164,3171,3177,3181,3188,3195,3198,3197,3195,3198,3201,3200,3194,3191,3192,3194,3198,3202,3205,3212,3222,3228,3234,3241,3248,3253,3256,3260,3262,3258,3251,3247,3241,3236,3232,3225,3222,3225,3231,3236,3241,3247,3252,3252,3253,3254,3255,3252,3245,3239,3234,3233,3239,3246,3255,3266,3273,3279,3286,3288,3288,3291,3295,3301,3309,3315,3317,3321,3323,3325,3330,3337,3347,3354,3357,3360,3358,3355,3350,3347,3343,3340,3337,3334,3332,3332,3335,3341,3346,3353,3363,3377,3389,3399,3412,3421,3427,3436,3442,3448,3454,3461,3467,3474,3481,3489,3499,3506,3509,3512,3517,3518,3522,3522,3528,3536,3544,3554,3563,3578,3591,3606,3621,3635,3643,3654,3664,3671,3673,3674,3674,3677,3682,3683,3685,3693,3706,3718,3724,3732,3745,3757,3771,3785,3801,3809,3807,3796,3776,3755,3744,3731,3723,3715,3709,3705,3707,3711,3712,3710,3710,3712,3717,3722,3728,3735,3752,3786,3807,3821,3831,3828,3818,3798,3778,3762,3747,3739,3730,3722,3720,3721,3719,3722,3730,3743,3763,3794,3819,3830,3822,3821,3815,3798,3780,3758,3738,3723,3709,3693,3680,3666,3659,3658,3658,3659,3666,3673,3680,3686,3693,3696,3695,3695,3693,3695,3698,3701,3709,3720,3736,3755,3791,3812,3826,3839,3852,3869,3885,3910,3934
3087,3087,3088,3092,3091,3089,3090,3093,3094,3095,3096,3097,3098,3100,3103,3108,3112,3114,3115,3115,3119,3128,3139,3148,3156,3164,3172,3176,3179,3184,3188,3191,3192,3192,3194,3196,3195,3191,3188,3188,3191,3194,3198,3201,3208,3219,3225,3231,3238,3245,3249,3252,3256,3258,3254,3250,3245,3238,3232,3227,3220,3218,3222,3229,3235,3240,3246,3251,3253,3253,3251,3249,3245,3238,3234,3229,3230,3236,3244,3254,3264,3270,3277,3282,3285,3287,3290,3291,3297,3302,3306,3309,3316,3322,3326,3333,3340,3346,3352,3353,3353,3351,3345,3339,3337,3334,3331,3328,3327,3327,3331,3337,3344,3352,3361,3373,3385,3395,3404,3417,3427,3435,3442,3450,3456,3463,3470,3478,3486,3495,3504,3512,3517,3522,3524,3523,3527,3532,3532,3539,3546,3555,3564,3574,3584,3594,3608,3621,3632,3643,3652,3658,3662,3663,3663,3664,3668,3669,3667,3668,3673,3685,3695,3703,3714,3729,3744,3758,3771,3786,3789,3790,3783,3761,3744,3728,3715,3708,3702,3696,3692,3693,3694,3693,3693,3694,3698,3703,3706,3711,3724,3738,3762,3789,3801,3803,3804,3795,3779,3764,3747,3735,3731,3726,3717,3711,3713,3715,3718,3724,3730,3739,3759,3792,3820,3817,3811,3799,3783,3769,3746,3721,3702,3690,3677,3668,3658,3649,3646,3648,3648,3654,3662,3667,3673,3682,3689,3691,3693,3693,3694,3698,3702,3710,3718,3729,3763,3797,3812,3826,3851,3868,3890,3908,3935,3952
3085,3085,3086,3087,3087,3087,3087,3088,3091,3093,3093,3094,3096,3099,3102,3103,3107,3110,3114,3116,3123,3133,3141,3151,3157,3163,3168,3170,3173,3177,3181,3185,3187,3189,3191,3192,3192,3189,3186,3186,3188,3190,3195,3201,3209,3216,3221,3226,3233,3240,3245,3248,3252,3254,3249,3244,3241,3236,3229,3222,3216,3215,3220,3228,3235,3241,3247,3251,3254,3252,3248,3244,3239,3234,3228,3224,3227,3234,3244,3255,3264,3270,3274,3278,3282,3286,3288,3288,3293,3299,3301,3306,3314,3323,3329,3334,3339,3344,3349,3349,3346,3344,3337,3331,3327,3326,3324,3323,3324,3327,3331,3337,3347,3357,3369,3379,3388,3396,3406,3419,3430,3437,3444,3452,3459,3469,3477,3485,3494,3504,3512,3520,3526,3532,3534,3534,3537,3539,3542,3547,3552,3563,3579,3587,3593,3599,3609,3622,3632,3640,3647,3650,3653,3656,3655,3655,3657,3659,3657,3656,3659,3667,3676,3688,3697,3711,3728,3744,3757,3769,3772,3772,3767,3747,3732,3716,3704,3696,3692,3688,3685,3683,3683,3682,3682,3682,3683,3686,3691,3699,3711,3725,3748,3771,3774,3779,3782,3777,3763,3749,3733,3724,3720,3717,3711,3708,3708,3709,3713,3717,3716,3730,3755,3785,3808,3785,3795,3793,3769,3756,3732,3705,3690,3679,3667,3657,3648,3641,3640,3643,3642,3644,3656,3662,3667,3675,3684,3692,3694,3696,3697,3699,3703,3708,3716,3734,3766,3801,3818,3845,3875,3885,3904,3925,3953,3976
3082,3082,3083,3083,3084,3084,3084,3086,3087,3088,3091,3093,3096,3098,3099,3100,3102,3107,3112,3117,3125,3134,3141,3150,3156,3160,3163,3166,3167,3170,3175,3180,3183,3186,3188,3189,3188,3186,3184,3181,3182,3185,3192,3200,3207,3213,3217,3222,3228,3234,3240,3244,3249,3247,3240,3235,3233,3229,3222,3213,3209,3211,3217,3228,3235,3240,3247,3251,3253,3250,3244,3240,3235,3229,3223,3219,3224,3231,3243,3254,3264,3269,3272,3275,3279,3283,3284,3284,3287,3293,3298,3306,3314,3324,3330,3336,3340,3343,3344,3342,3338,3333,3326,3322,3320,3321,3321,3320,3323,3329,3335,3342,3351,3360,3372,3381,3389,3397,3408,3418,3429,3437,3444,3452,3459,3468,3478,3488,3498,3506,3513,3521,3529,3535,3540,3543,3547,3549,3553,3557,3563,3575,3589,3596,3600,3607,3616,3628,3635,3640,3643,3644,3649,3650,3647,3645,3647,3649,3648,3646,3648,3654,3661,3671,3681,3691,3707,3726,3741,3755,3758,3757,3750,3733,3718,3706,3696,3689,3685,3683,3680,3677,3675,3672,3673,3674,3675,3678,3683,3691,3700,3712,3730,3746,3756,3763,3764,3757,3747,3735,3723,3715,3710,3706,3705,3706,3707,3706,3708,3711,3715,3732,3756,3782,3798,3797,3799,3790,3763,3741,3712,3694,3682,3672,3661,3651,3640,3634,3636,3641,3643,3647,3655,3660,3666,3671,3680,3691,3695,3699,3701,3703,3704,3707,3714,3739,3783,3805,3821,3838,3858,3874,3899,3930,3961,3981
3079,3079,3080,3080,3082,3083,3083,3083,3084,3084,3088,3091,3094,3096,3097,3097,3099,3104,3110,3115,3121,3130,3138,3145,3152,3158,3160,3162,3161,3164,3170,3175,3177,3181,3183,3184,3182,3180,3179,3176,3177,3182,3187,3195,3202,3209,3214,3220,3225,3230,3235,3238,3241,3239,3233,3229,3225,3221,3210,3205,3204,3208,3214,3226,3235,3240,3244,3248,3249,3246,3239,3234,3228,3223,3218,3217,3223,3232,3240,3251,3261,3266,3269,3272,3275,3279,3281,3282,3284,3288,3295,3304,3313,3322,3331,3338,3341,3340,3338,3333,3326,3320,3316,3315,3315,3318,3320,3322,3325,3332,3341,3348,3356,3364,3375,3386,3392,3398,3406,3414,3423,3431,3439,3449,3458,3466,3475,3486,3496,3503,3510,3519,3527,3535,3541,3546,3550,3554,3560,3566,3573,3581,3591,3599,3607,3616,3625,3634,3641,3646,3648,3647,3646,3643,3636,3633,3633,3635,3635,3636,3639,3642,3647,3653,3661,3673,3687,3706,3725,3741,3743,3740,3731,3713,3702,3694,3688,3683,3681,3679,3676,3672,3667,3665,3666,3668,3669,3671,3675,3682,3690,3697,3709,3730,3745,3751,3748,3739,3730,3721,3714,3709,3704,3700,3700,3702,3704,3703,3702,3704,3708,3720,3741,3761,3783,3796,3797,3791,3761,3728,3701,3689,3677,3667,3657,3649,3638,3632,3635,3640,3644,3649,3655,3660,3665,3670,3678,3687,3694,3700,3705,3706,3707,3708,3715,3752,3784,3797,3814,3840,3847,3861,3892,3922,3951,3971
3075,3075,3074,3076,3078,3080,3080,3080,3081,3083,3086,3090,3093,3095,3095,3095,3098,3102,3107,3112,3118,3127,3135,3141,3147,3154,3157,3157,3156,3159,3165,3168,3171,3175,3177,3177,3175,3174,3173,3173,3175,3180,3184,3189,3198,3205,3212,3219,3223,3226,3230,3232,3231,3230,3225,3221,3216,3211,3205,3202,3204,3209,3215,3225,3234,3238,3242,3244,3243,3239,3234,3227,3221,3217,3215,3218,3227,3236,3243,3249,3258,3261,3265,3268,3270,3274,3278,3280,3282,3286,3292,3301,3310,3319,3328,3335,3340,3338,3334,3327,3318,3312,3311,3309,3311,3317,3320,3322,3328,3337,3347,3355,3361,3369,3380,3387,3391,3395,3401,3408,3415,3425,3434,3444,3454,3462,3471,3481,3488,3496,3505,3517,3526,3533,3539,3546,3550,3554,3562,3571,3580,3586,3593,3602,3611,3621,3630,3639,3647,3653,3654,3652,3645,3636,3627,3621,3620,3624,3627,3629,3631,3634,3636,3640,3646,3656,3670,3687,3705,3723,3730,3727,3717,3703,3691,3686,3680,3676,3674,3672,3669,3666,3663,3662,3662,3661,3661,3663,3668,3676,3682,3686,3693,3708,3725,3734,3731,3721,3715,3708,3706,3704,3700,3696,3695,3698,3700,3699,3697,3697,3701,3712,3729,3747,3775,3794,3793,3794,3755,3706,3694,3687,3677,3666,3656,3648,3640,3633,3635,3638,3643,3649,3654,3657,3661,3669,3679,3688,3695,3703,3706,3705,3706,3710,3721,3746,3770,3788,3808,3837,3858,3871,3891,3915,3939,3958
3071,3069,3068,3070,3073,3075,3074,3076,3080,3083,3085,3089,3093,3095,3095,3095,3097,3101,3106,3111,3118,3125,3132,3138,3145,3151,3153,3152,3151,3154,3158,3161,3167,3171,3171,3171,3170,3169,3169,3171,3174,3179,3183,3187,3195,3202,3208,3213,3217,3219,3222,3225,3223,3221,3216,3211,3206,3204,3200,3200,3203,3208,3214,3226,3233,3236,3239,3241,3238,3233,3228,3220,3213,3211,3212,3219,3232,3240,3246,3252,3256,3257,3261,3264,3265,3269,3273,3278,3283,3287,3291,3298,3307,3313,3319,3328,3337,3334,3328,3321,3313,3307,3307,3307,3310,3315,3319,3324,3332,3341,3352,3359,3364,3372,3380,3384,3386,3388,3394,3400,3408,3417,3427,3438,3448,3457,3466,3475,3482,3491,3502,3514,3524,3531,3537,3544,3549,3555,3563,3574,3584,3589,3595,3603,3613,3623,3632,3644,3652,3656,3655,3650,3640,3627,3617,3612,3614,3619,3621,3621,3622,3625,3628,3631,3637,3645,3655,3668,3685,3707,3716,3715,3707,3694,3684,3678,3673,3670,3666,3662,3659,3658,3659,3659,3658,3656,3656,3659,3664,3670,3675,3676,3680,3691,3704,3710,3710,3705,3700,3696,3697,3696,3695,3693,3693,3694,3696,3695,3693,3693,3698,3710,3723,3739,3765,3783,3786,3784,3739,3701,3690,3690,3680,3666,3654,3648,3642,3637,3636,3637,3640,3644,3651,3656,3660,3669,3680,3689,3697,3702,3704,3702,3703,3710,3721,3738,3762,3783,3800,3826,3853,3867,3883,3905,3926,3946
3066,3065,3064,3065,3067,3069,3071,3073,3078,3083,3084,3086,3090,3093,3095,3096,3098,3101,3106,3110,3115,3121,3128,3135,3142,3146,3146,3146,3146,3150,3152,3156,3161,3165,3165,3165,3166,3166,3167,3169,3172,3177,3181,3186,3191,3198,3204,3207,3208,3208,3208,3211,3212,3211,3207,3203,3200,3198,3196,3197,3200,3206,3212,3221,3229,3232,3236,3237,3233,3228,3222,3213,3206,3204,3208,3218,3231,3240,3246,3252,3252,3252,3256,3261,3261,3264,3269,3273,3281,3286,3289,3294,3301,3308,3313,3321,3331,3329,3324,3315,3306,3302,3302,3304,3308,3314,3320,3329,3338,3347,3355,3361,3366,3372,3376,3378,3380,3385,3389,3394,3400,3408,3420,3434,3444,3451,3461,3471,3479,3489,3499,3510,3520,3528,3534,3541,3548,3555,3563,3573,3583,3589,3594,3602,3613,3622,3633,3644,3652,3655,3651,3645,3632,3617,3609,3607,3610,3613,3614,3613,3614,3617,3620,3624,3630,3638,3647,3657,3671,3689,3699,3700,3693,3681,3673,3668,3665,3663,3660,3656,3653,3652,3654,3655,3656,3654,3653,3656,3660,3664,3666,3665,3667,3674,3684,3689,3690,3690,3688,3687,3689,3689,3689,3692,3692,3692,3692,3689,3690,3693,3700,3709,3719,3734,3760,3779,3780,3770,3733,3707,3696,3692,3681,3665,3654,3646,3643,3639,3636,3636,3636,3638,3648,3657,3661,3667,3678,3692,3695,3696,3696,3696,3698,3707,3717,3729,3756,3779,3792,3814,3837,3852,3869,3890,3909,3929
3063,3064,3064,3062,3063,3065,3068,3072,3076,3080,3082,3084,3086,3089,3093,3096,3098,3101,3104,3107,3110,3115,3122,3131,3137,3139,3138,3138,3140,3144,3148,3152,3156,3159,3158,3159,3163,3165,3166,3167,3170,3174,3179,3183,3188,3194,3197,3198,3197,3195,3195,3198,3202,3200,3197,3195,3194,3192,3191,3193,3197,3203,3210,3219,3227,3230,3233,3232,3227,3220,3213,3206,3201,3202,3209,3219,3230,3236,3243,3247,3246,3246,3252,3255,3257,3261,3265,3269,3275,3280,3284,3288,3294,3304,3312,3320,3325,3324,3320,3311,3302,3298,3299,3302,3306,3316,3324,3334,3345,3353,3360,3362,3364,3368,3371,3373,3376,3381,3385,3388,3393,3402,3416,3430,3438,3447,3459,3470,3478,3487,3496,3507,3517,3524,3530,3537,3544,3553,3562,3570,3579,3586,3593,3602,3613,3623,3633,3644,3651,3650,3645,3638,3624,3610,3603,3602,3604,3607,3608,3608,3609,3610,3613,3616,3623,3632,3641,3651,3663,3677,3684,3684,3677,3666,3659,3656,3653,3654,3653,3651,3648,3647,3648,3649,3652,3652,3651,3652,3652,3652,3652,3652,3653,3658,3667,3673,3676,3678,3679,3681,3684,3685,3688,3690,3690,3689,3688,3687,3690,3695,3701,3709,3719,3734,3758,3777,3775,3758,3731,3712,3700,3690,3676,3663,3652,3647,3645,3640,3634,3633,3632,3633,3642,3653,3659,3665,3674,3685,3686,3684,3682,3684,3691,3703,3712,3722,3744,3768,3785,3806,3826,3842,3859,3874,3888,3906
3062,3065,3064,3061,3060,3062,3065,3071,3075,3077,3078,3080,3084,3088,3091,3094,3096,3099,3101,3102,3105,3110,3115,3123,3128,3130,3130,3131,3134,3139,3144,3149,3151,3152,3152,3154,3159,3162,3164,3166,3169,3172,3176,3180,3186,3188,3187,3186,3185,3184,3185,3188,3192,3190,3186,3186,3187,3187,3188,3191,3196,3203,3210,3220,3226,3228,3228,3225,3219,3212,3206,3201,3200,3204,3212,3223,3230,3234,3239,3241,3240,3243,3249,3252,3255,3259,3263,3267,3269,3273,3279,3284,3291,3302,3311,3319,3322,3321,3317,3310,3302,3297,3297,3300,3305,3316,3326,3336,3347,3355,3359,3360,3361,3363,3365,3368,3373,3377,3379,3382,3389,3398,3411,3425,3433,3443,3456,3467,3476,3483,3492,3503,3513,3519,3526,3534,3540,3549,3559,3568,3575,3584,3592,3602,3612,3623,3632,3642,3647,3645,3638,3627,3613,3603,3597,3597,3599,3602,3603,3603,3603,3604,3606,3610,3618,3628,3637,3646,3657,3671,3675,3671,3662,3650,3644,3641,3642,3644,3646,3645,3643,3642,3641,3641,3645,3648,3647,3646,3643,3640,3640,3638,3637,3642,3649,3655,3661,3666,3670,3674,3679,3683,3686,3688,3687,3687,3686,3686,3690,3696,3701,3710,3722,3738,3758,3775,3773,3755,3732,3715,3696,3683,3669,3657,3648,3646,3644,3637,3632,3631,3630,3631,3636,3644,3651,3658,3665,3672,3674,3671,3669,3673,3682,3694,3702,3710,3725,3751,3775,3796,3811,3827,3848,3861,3872,3887
3061,3064,3062,3058,3057,3059,3063,3069,3074,3075,3075,3079,3086,3089,3090,3091,3092,3095,3097,3097,3100,3106,3110,3114,3117,3121,3123,3125,3128,3132,3138,3143,3144,3146,3147,3150,3155,3160,3163,3167,3170,3171,3173,3178,3182,3181,3177,3176,3175,3175,3177,3178,3182,3181,3179,3180,3182,3185,3188,3192,3197,3205,3212,3220,3223,3223,3221,3217,3213,3208,3202,3198,3200,3207,3216,3226,3232,3234,3235,3236,3237,3242,3248,3251,3253,3258,3262,3264,3265,3268,3275,3282,3291,3303,3310,3317,3320,3319,3316,3308,3301,3296,3294,3297,3304,3316,3326,3337,3347,3353,3355,3355,3356,3357,3358,3361,3367,3371,3376,3379,3386,3395,3407,3421,3431,3441,3452,3463,3473,3480,3488,3498,3508,3517,3524,3533,3539,3546,3556,3565,3572,3581,3591,3600,3612,3621,3628,3635,3640,3638,3629,3615,3602,3595,3591,3590,3594,3597,3598,3597,3598,3600,3602,3607,3616,3626,3633,3643,3659,3668,3667,3661,3649,3637,3631,3629,3631,3634,3637,3637,3637,3636,3633,3632,3636,3639,3639,3639,3636,3632,3630,3626,3623,3626,3631,3637,3644,3652,3660,3665,3672,3678,3682,3684,3684,3685,3684,3685,3689,3694,3699,3710,3726,3742,3757,3771,3773,3757,3734,3712,3686,3671,3660,3650,3640,3638,3637,3633,3630,3629,3630,3631,3635,3636,3642,3648,3653,3659,3659,3654,3652,3658,3670,3679,3687,3698,3711,3732,3757,3779,3796,3811,3831,3850,3864,3876
3058,3059,3056,3055,3055,3057,3061,3066,3072,3074,3075,3079,3086,3089,3089,3088,3089,3091,3093,3094,3097,3102,3106,3108,3109,3113,3116,3120,3122,3125,3131,3135,3139,3141,3143,3148,3153,3160,3164,3168,3171,3170,3171,3174,3176,3174,3170,3167,3166,3166,3167,3168,3172,3174,3175,3176,3180,3184,3189,3194,3201,3207,3213,3218,3217,3216,3214,3211,3208,3203,3197,3194,3197,3206,3217,3226,3231,3233,3233,3235,3238,3243,3249,3250,3252,3257,3260,3262,3261,3264,3271,3279,3290,3303,3309,3314,3317,3317,3313,3305,3299,3294,3291,3296,3304,3315,3325,3334,3342,3346,3348,3349,3351,3353,3354,3355,3360,3365,3372,3378,3385,3394,3407,3419,3430,3440,3450,3461,3469,3477,3485,3494,3504,3514,3522,3531,3537,3544,3552,3561,3569,3578,3588,3598,3609,3616,3621,3626,3629,3626,3618,3607,3595,3588,3582,3582,3587,3591,3592,3591,3591,3593,3596,3600,3611,3624,3632,3644,3657,3663,3658,3648,3637,3626,3621,3618,3619,3621,3625,3627,3629,3630,3628,3626,3629,3631,3632,3631,3628,3626,3622,3616,3612,3611,3617,3624,3630,3640,3651,3656,3663,3671,3676,3680,3681,3680,3680,3684,3687,3691,3698,3710,3728,3743,3756,3764,3767,3754,3734,3701,3671,3657,3650,3640,3630,3629,3630,3628,3625,3625,3627,3631,3634,3633,3636,3640,3643,3646,3644,3639,3635,3640,3651,3663,3673,3688,3703,3717,3736,3760,3783,3803,3820,3841,3859,3873
3053,3053,3052,3052,3054,3057,3060,3064,3070,3073,3075,3079,3084,3085,3085,3085,3087,3089,3091,3092,3094,3096,3100,3103,3104,3105,3109,3113,3116,3120,3125,3130,3136,3139,3143,3148,3154,3161,3165,3168,3169,3168,3167,3167,3168,3167,3162,3159,3158,3159,3160,3162,3166,3170,3174,3176,3181,3185,3190,3196,3204,3209,3212,3214,3211,3209,3208,3206,3201,3196,3191,3190,3195,3204,3214,3223,3228,3230,3231,3235,3241,3244,3247,3248,3250,3254,3258,3260,3259,3261,3267,3276,3287,3300,3307,3311,3314,3313,3308,3303,3298,3292,3290,3295,3303,3313,3322,3328,3334,3337,3340,3341,3343,3347,3350,3352,3354,3359,3369,3377,3385,3396,3409,3418,3427,3437,3447,3457,3465,3475,3483,3490,3499,3509,3519,3528,3534,3541,3548,3556,3566,3576,3586,3595,3603,3609,3612,3617,3617,3615,3609,3600,3588,3581,3575,3574,3579,3583,3585,3585,3584,3586,3589,3595,3606,3620,3634,3647,3654,3657,3649,3637,3625,3616,3611,3608,3609,3612,3615,3616,3620,3624,3624,3623,3625,3626,3624,3622,3622,3620,3614,3607,3602,3600,3604,3613,3619,3629,3641,3647,3653,3663,3669,3674,3675,3674,3675,3680,3685,3690,3697,3712,3730,3746,3757,3763,3755,3744,3723,3684,3656,3646,3639,3629,3621,3621,3623,3622,3621,3621,3623,3628,3631,3632,3633,3634,3635,3635,3632,3628,3624,3626,3635,3648,3662,3679,3694,3706,3725,3751,3777,3797,3816,3835,3853,3871
3047,3048,3049,3050,3053,3057,3060,3063,3068,3071,3074,3078,3081,3082,3081,3081,3084,3088,3089,3089,3090,3091,3094,3098,3100,3100,3103,3107,3112,3118,3123,3129,3135,3141,3146,3150,3154,3160,3164,3164,3163,3160,3158,3158,3158,3157,3154,3152,3153,3155,3157,3160,3164,3170,3175,3179,3184,3188,3191,3197,3203,3208,3210,3208,3206,3203,3201,3199,3194,3190,3186,3186,3193,3201,3209,3217,3224,3227,3229,3233,3239,3241,3243,3244,3247,3250,3254,3257,3257,3259,3266,3274,3284,3295,3303,3307,3311,3309,3305,3301,3297,3291,3289,3293,3301,3311,3320,3324,3326,3328,3330,3330,3334,3338,3343,3347,3351,3355,3368,3378,3387,3398,3409,3416,3425,3434,3442,3452,3461,3470,3478,3485,3495,3504,3514,3524,3531,3537,3543,3551,3562,3573,3583,3590,3595,3599,3603,3606,3605,3603,3599,3590,3581,3575,3570,3567,3571,3575,3577,3577,3578,3580,3584,3592,3604,3619,3636,3649,3654,3652,3642,3630,3617,3608,3604,3602,3602,3605,3605,3606,3611,3614,3616,3617,3619,3619,3617,3615,3613,3612,3605,3598,3594,3592,3596,3603,3608,3617,3629,3638,3645,3656,3663,3666,3667,3667,3669,3674,3681,3688,3697,3716,3738,3753,3763,3766,3752,3742,3725,3677,3647,3637,3629,3620,3614,3616,3618,3617,3617,3618,3619,3623,3627,3629,3631,3630,3628,3626,3622,3618,3616,3617,3625,3638,3652,3668,3682,3695,3716,3743,3769,3791,3811,3828,3845,3865
3043,3044,3046,3049,3052,3056,3059,3061,3066,3070,3073,3076,3078,3080,3079,3078,3082,3086,3086,3086,3086,3087,3090,3093,3097,3101,3104,3107,3112,3120,3125,3130,3137,3145,3150,3153,3154,3157,3159,3157,3154,3150,3147,3148,3148,3148,3149,3149,3151,3155,3158,3163,3167,3172,3178,3183,3187,3188,3190,3194,3199,3203,3205,3202,3200,3197,3194,3191,3187,3182,3179,3181,3189,3198,3204,3209,3217,3222,3226,3230,3233,3235,3237,3240,3242,3244,3248,3252,3253,3258,3266,3274,3281,3291,3300,3306,3308,3306,3302,3298,3294,3288,3287,3291,3300,3310,3318,3320,3319,3319,3320,3321,3325,3329,3335,3343,3350,3357,3367,3377,3386,3398,3407,3415,3423,3431,3439,3448,3457,3465,3473,3481,3491,3500,3510,3519,3526,3531,3538,3548,3558,3568,3576,3582,3585,3588,3591,3592,3592,3589,3585,3579,3572,3568,3563,3559,3562,3567,3570,3571,3573,3575,3578,3587,3601,3618,3637,3650,3652,3649,3639,3625,3613,3603,3600,3598,3596,3595,3595,3597,3602,3604,3605,3608,3611,3612,3610,3607,3603,3600,3595,3589,3585,3586,3591,3596,3599,3605,3617,3630,3640,3651,3656,3657,3658,3660,3663,3669,3678,3686,3698,3723,3747,3760,3771,3771,3759,3751,3736,3673,3645,3631,3621,3613,3607,3609,3611,3611,3611,3612,3613,3616,3622,3626,3626,3625,3623,3619,3614,3609,3607,3611,3620,3632,3644,3656,3668,3683,3704,3732,3759,3786,3804,3820,3838,3857
3040,3042,3044,3047,3051,3054,3056,3058,3065,3069,3071,3073,3074,3077,3077,3075,3079,3083,3083,3082,3082,3084,3086,3090,3096,3104,3109,3112,3116,3123,3128,3131,3139,3148,3153,3154,3153,3152,3152,3149,3145,3140,3139,3140,3139,3141,3144,3147,3153,3159,3164,3169,3172,3176,3180,3182,3184,3185,3186,3188,3192,3195,3195,3192,3191,3188,3185,3183,3180,3176,3173,3175,3183,3194,3200,3202,3209,3214,3220,3223,3226,3228,3233,3236,3237,3239,3243,3247,3251,3258,3266,3273,3280,3290,3300,3306,3306,3303,3299,3296,3291,3286,3285,3290,3300,3308,3315,3315,3313,3312,3312,3314,3318,3324,3330,3339,3349,3358,3368,3377,3385,3396,3407,3415,3422,3429,3436,3445,3454,3462,3471,3480,3488,3496,3505,3514,3520,3526,3533,3545,3555,3562,3569,3573,3576,3576,3576,3577,3576,3573,3570,3566,3561,3558,3556,3552,3554,3560,3564,3567,3569,3570,3572,3583,3597,3615,3635,3648,3651,3647,3638,3623,3610,3600,3597,3594,3591,3588,3587,3588,3592,3595,3596,3598,3602,3604,3602,3599,3593,3588,3584,3579,3576,3579,3585,3589,3591,3597,3609,3623,3635,3647,3649,3648,3650,3653,3657,3666,3675,3685,3702,3730,3752,3766,3777,3777,3763,3757,3725,3660,3642,3628,3617,3609,3601,3600,3603,3605,3606,3607,3607,3611,3618,3622,3620,3619,3618,3614,3608,3603,3602,3608,3617,3628,3640,3649,3660,3675,3695,3727,3755,3780,3797,3812,3829,3845
3040,3042,3044,3047,3050,3052,3053,3056,3063,3066,3069,3070,3070,3072,3074,3074,3075,3078,3078,3077,3078,3081,3084,3090,3099,3108,3112,3114,3119,3126,3131,3135,3141,3148,3153,3153,3150,3147,3144,3139,3135,3132,3133,3134,3136,3139,3143,3148,3156,3164,3170,3173,3176,3178,3179,3178,3178,3179,3179,3181,3183,3184,3183,3181,3180,3178,3177,3177,3175,3171,3170,3172,3180,3190,3196,3199,3203,3208,3214,3217,3220,3224,3228,3232,3235,3238,3241,3246,3251,3260,3268,3274,3282,3290,3299,3305,3304,3301,3298,3294,3290,3286,3284,3289,3299,3306,3309,3308,3306,3305,3305,3308,3314,3322,3329,3337,3347,3357,3368,3377,3386,3395,3407,3415,3421,3427,3434,3442,3451,3460,3469,3479,3485,3492,3499,3508,3515,3522,3529,3541,3550,3557,3562,3565,3565,3563,3562,3563,3562,3558,3555,3553,3550,3549,3549,3549,3552,3555,3558,3560,3562,3563,3567,3578,3593,3612,3631,3642,3647,3644,3636,3621,3606,3596,3593,3590,3589,3585,3583,3582,3583,3586,3587,3589,3591,3591,3591,3589,3583,3577,3573,3567,3565,3568,3576,3580,3583,3591,3604,3618,3628,3638,3639,3640,3643,3648,3654,3663,3673,3687,3706,3732,3755,3770,3780,3777,3758,3749,3697,3652,3641,3628,3614,3606,3599,3593,3595,3600,3603,3604,3604,3607,3612,3615,3615,3616,3613,3609,3602,3598,3599,3605,3614,3626,3636,3645,3657,3670,3689,3718,3748,3770,3786,3800,3817,3833
3042,3044,3047,3050,3052,3053,3055,3057,3061,3064,3065,3066,3065,3067,3070,3072,3072,3073,3074,3074,3076,3081,3086,3093,3103,3110,3113,3115,3121,3128,3133,3138,3142,3146,3149,3149,3145,3140,3134,3130,3126,3126,3130,3134,3139,3143,3147,3153,3160,3166,3171,3173,3175,3175,3174,3171,3169,3170,3171,3172,3172,3171,3171,3170,3170,3170,3171,3171,3169,3168,3169,3172,3180,3190,3196,3199,3203,3208,3214,3217,3219,3222,3224,3228,3234,3240,3244,3248,3254,3262,3268,3275,3282,3289,3296,3302,3303,3299,3296,3294,3291,3287,3285,3288,3298,3303,3303,3301,3300,3299,3301,3306,3314,3321,3330,3340,3348,3357,3368,3377,3387,3397,3407,3413,3419,3426,3432,3439,3448,3457,3466,3475,3482,3488,3494,3503,3511,3517,3524,3534,3543,3547,3552,3554,3554,3552,3552,3552,3548,3543,3540,3538,3536,3536,3539,3543,3547,3549,3552,3553,3556,3559,3565,3577,3591,3609,3626,3636,3642,3639,3631,3618,3602,3592,3588,3587,3587,3586,3584,3582,3580,3580,3581,3581,3580,3579,3578,3575,3571,3567,3561,3555,3554,3559,3568,3572,3578,3586,3597,3611,3621,3629,3632,3634,3639,3643,3651,3660,3671,3686,3706,3730,3758,3774,3778,3769,3750,3731,3672,3646,3639,3626,3610,3602,3595,3590,3591,3594,3598,3601,3601,3603,3607,3608,3612,3614,3610,3605,3599,3596,3597,3601,3609,3621,3630,3637,3650,3664,3682,3705,3733,3758,3775,3789,3807,3825
3045,3048,3050,3053,3055,3056,3058,3060,3060,3061,3061,3061,3061,3064,3067,3071,3070,3070,3071,3072,3074,3081,3089,3096,3103,3110,3114,3118,3124,3130,3136,3141,3143,3143,3144,3145,3141,3133,3124,3121,3119,3122,3128,3136,3143,3148,3153,3158,3161,3165,3169,3169,3168,3166,3164,3159,3158,3159,3160,3161,3160,3160,3161,3162,3164,3165,3166,3165,3164,3165,3169,3172,3182,3191,3198,3204,3208,3213,3218,3219,3222,3223,3223,3226,3234,3241,3245,3248,3255,3262,3267,3272,3279,3285,3294,3301,3303,3299,3295,3293,3291,3286,3283,3286,3295,3299,3298,3296,3294,3294,3295,3303,3313,3320,3330,3340,3348,3356,3366,3375,3385,3395,3404,3411,3417,3422,3428,3436,3445,3454,3462,3469,3477,3484,3492,3498,3504,3511,3518,3526,3533,3535,3538,3541,3542,3542,3541,3540,3534,3529,3524,3520,3519,3519,3522,3528,3536,3540,3544,3548,3552,3555,3561,3572,3588,3607,3623,3634,3638,3634,3626,3614,3597,3587,3584,3584,3585,3585,3584,3583,3580,3579,3576,3574,3573,3571,3567,3563,3560,3556,3550,3546,3546,3551,3560,3566,3573,3579,3589,3601,3613,3622,3627,3631,3636,3641,3649,3660,3673,3689,3705,3728,3758,3773,3771,3757,3741,3715,3669,3646,3633,3617,3603,3596,3588,3585,3585,3588,3591,3594,3596,3598,3599,3600,3602,3606,3604,3601,3597,3594,3592,3595,3602,3613,3619,3624,3637,3652,3668,3691,3719,3746,3765,3778,3794,3813
3047,3050,3051,3054,3056,3057,3058,3060,3059,3059,3059,3058,3060,3062,3065,3068,3068,3067,3068,3069,3073,3082,3091,3098,3104,3110,3117,3122,3125,3131,3137,3141,3142,3143,3142,3142,3138,3127,3118,3113,3113,3119,3128,3137,3144,3149,3156,3159,3160,3162,3163,3160,3157,3155,3152,3149,3148,3148,3150,3151,3151,3153,3153,3155,3158,3159,3161,3163,3165,3167,3170,3173,3183,3192,3200,3208,3214,3218,3219,3219,3221,3221,3222,3224,3231,3238,3241,3246,3253,3259,3264,3268,3274,3282,3291,3296,3298,3297,3293,3291,3289,3283,3278,3282,3291,3293,3291,3290,3289,3289,3292,3301,3312,3319,3327,3334,3343,3353,3364,3372,3382,3391,3400,3409,3415,3421,3426,3434,3442,3451,3456,3462,3471,3480,3487,3493,3498,3503,3510,3518,3521,3524,3526,3528,3530,3530,3527,3525,3520,3515,3509,3502,3501,3503,3506,3512,3523,3532,3539,3543,3547,3551,3558,3571,3587,3607,3623,3634,3636,3629,3620,3608,3593,3584,3582,3582,3582,3582,3581,3581,3579,3576,3573,3570,3568,3565,3559,3555,3551,3547,3543,3540,3538,3543,3553,3562,3568,3575,3583,3592,3605,3617,3623,3628,3633,3637,3647,3662,3678,3694,3710,3731,3756,3766,3761,3747,3734,3705,3662,3639,3625,3613,3602,3592,3581,3580,3580,3582,3583,3587,3591,3592,3590,3589,3590,3591,3591,3593,3592,3589,3587,3588,3597,3606,3611,3616,3626,3640,3655,3676,3709,3741,3760,3772,3786,3805
3048,3050,3050,3052,3052,3054,3057,3059,3058,3057,3056,3057,3059,3061,3063,3064,3065,3066,3067,3068,3072,3080,3090,3099,3106,3113,3119,3123,3125,3130,3136,3139,3141,3141,3141,3140,3134,3123,3113,3110,3112,3119,3128,3135,3140,3145,3151,3152,3152,3154,3154,3149,3145,3144,3142,3140,3140,3140,3141,3143,3145,3149,3149,3151,3152,3155,3160,3166,3169,3172,3174,3178,3188,3197,3202,3209,3215,3216,3216,3217,3218,3218,3221,3224,3228,3233,3237,3243,3251,3257,3261,3266,3271,3277,3283,3286,3288,3291,3291,3289,3286,3278,3271,3274,3282,3284,3282,3281,3285,3289,3293,3301,3310,3319,3325,3330,3339,3350,3362,3371,3381,3388,3397,3407,3414,3419,3426,3433,3439,3446,3452,3459,3467,3474,3481,3487,3491,3496,3503,3509,3512,3514,3515,3516,3516,3516,3514,3512,3507,3503,3496,3488,3489,3493,3498,3504,3516,3527,3533,3537,3541,3547,3556,3570,3586,3607,3623,3631,3632,3623,3612,3601,3590,3582,3579,3578,3578,3579,3578,3577,3574,3570,3569,3567,3563,3560,3554,3550,3543,3538,3536,3533,3534,3540,3550,3562,3570,3576,3581,3588,3600,3612,3619,3623,3628,3633,3645,3663,3681,3697,3713,3734,3748,3753,3748,3737,3722,3690,3653,3631,3619,3612,3604,3594,3583,3578,3578,3577,3577,3580,3583,3582,3580,3578,3576,3576,3576,3581,3581,3579,3580,3584,3591,3598,3604,3610,3620,3633,3643,3663,3695,3728,3755,3766,3779,3798
3046,3047,3048,3047,3048,3051,3056,3058,3058,3055,3054,3056,3060,3061,3062,3064,3064,3064,3065,3066,3069,3077,3088,3099,3107,3115,3119,3122,3125,3130,3134,3137,3138,3139,3139,3137,3130,3119,3110,3107,3109,3115,3123,3130,3135,3138,3140,3141,3141,3142,3143,3139,3134,3132,3132,3133,3135,3135,3135,3137,3142,3147,3149,3152,3155,3160,3166,3171,3176,3180,3183,3189,3197,3203,3205,3207,3210,3211,3214,3215,3216,3216,3219,3222,3225,3229,3235,3242,3250,3257,3259,3262,3268,3272,3275,3278,3280,3283,3284,3282,3279,3271,3265,3267,3271,3274,3272,3276,3282,3288,3292,3298,3308,3318,3326,3330,3338,3348,3362,3371,3380,3387,3395,3405,3411,3417,3424,3430,3435,3440,3449,3455,3462,3468,3475,3479,3484,3487,3493,3500,3503,3505,3505,3505,3502,3502,3500,3498,3496,3493,3485,3480,3480,3485,3491,3498,3507,3516,3522,3527,3532,3539,3551,3570,3588,3607,3623,3630,3630,3619,3605,3594,3585,3578,3574,3573,3575,3577,3577,3573,3569,3565,3564,3563,3559,3555,3551,3546,3539,3533,3531,3530,3535,3543,3552,3562,3571,3576,3579,3586,3597,3609,3615,3621,3629,3638,3649,3666,3681,3698,3712,3728,3737,3737,3734,3725,3703,3669,3643,3632,3618,3609,3600,3595,3584,3577,3572,3569,3569,3572,3573,3569,3567,3565,3561,3560,3563,3567,3570,3573,3574,3577,3581,3586,3592,3598,3607,3620,3628,3649,3682,3713,3739,3753,3770,3792
3042,3044,3045,3045,3045,3048,3053,3056,3055,3053,3053,3056,3058,3060,3061,3062,3063,3062,3062,3062,3066,3074,3085,3098,3107,3114,3117,3121,3126,3130,3134,3136,3137,3137,3137,3133,3125,3115,3105,3103,3105,3109,3115,3120,3124,3127,3131,3130,3131,3132,3134,3130,3126,3126,3126,3130,3133,3133,3134,3137,3143,3147,3151,3157,3162,3168,3172,3177,3182,3185,3189,3194,3201,3204,3204,3205,3206,3208,3210,3213,3213,3214,3217,3220,3222,3227,3232,3238,3246,3254,3256,3259,3265,3267,3269,3272,3273,3271,3272,3272,3269,3262,3259,3260,3263,3264,3266,3271,3278,3285,3290,3296,3306,3317,3325,3329,3337,3348,3359,3368,3377,3385,3394,3401,3407,3413,3421,3426,3429,3433,3441,3447,3453,3461,3467,3471,3476,3480,3485,3490,3495,3497,3497,3496,3489,3487,3485,3481,3482,3480,3475,3473,3473,3476,3482,3489,3496,3504,3512,3517,3524,3535,3546,3562,3582,3605,3620,3627,3626,3614,3601,3589,3578,3571,3569,3569,3572,3575,3571,3566,3564,3561,3561,3560,3556,3551,3547,3544,3539,3530,3527,3529,3536,3544,3551,3561,3568,3573,3578,3586,3594,3605,3613,3622,3634,3644,3655,3669,3686,3700,3710,3722,3725,3723,3718,3706,3679,3650,3636,3627,3616,3604,3596,3591,3581,3574,3567,3562,3562,3562,3561,3558,3556,3551,3546,3546,3551,3555,3558,3562,3566,3567,3570,3575,3580,3588,3597,3610,3626,3649,3679,3703,3723,3739,3761,3785
3039,3041,3042,3043,3045,3046,3050,3052,3052,3052,3053,3055,3057,3060,3060,3060,3061,3061,3059,3060,3067,3077,3086,3097,3105,3111,3114,3118,3124,3131,3136,3137,3136,3133,3132,3126,3117,3109,3100,3097,3099,3102,3106,3110,3113,3116,3121,3122,3122,3124,3125,3123,3122,3124,3127,3133,3138,3140,3142,3146,3149,3152,3156,3162,3167,3172,3176,3180,3185,3189,3192,3197,3201,3201,3202,3202,3203,3204,3207,3209,3210,3212,3216,3218,3220,3225,3230,3234,3242,3249,3253,3257,3261,3263,3263,3264,3264,3263,3263,3263,3259,3252,3250,3254,3257,3258,3261,3266,3273,3281,3289,3295,3301,3310,3320,3327,3336,3346,3357,3365,3373,3382,3392,3398,3401,3406,3413,3418,3422,3427,3433,3438,3443,3450,3459,3464,3468,3474,3478,3482,3486,3488,3487,3482,3477,3472,3469,3469,3467,3466,3465,3464,3466,3470,3475,3480,3489,3499,3506,3512,3523,3536,3551,3567,3583,3603,3616,3622,3619,3608,3594,3580,3570,3567,3567,3567,3567,3567,3564,3560,3559,3559,3560,3558,3553,3548,3543,3540,3535,3527,3524,3528,3538,3546,3554,3561,3568,3574,3582,3589,3597,3607,3613,3623,3636,3650,3664,3681,3692,3704,3714,3720,3717,3708,3699,3688,3668,3647,3626,3620,3607,3601,3593,3586,3573,3567,3562,3559,3557,3555,3553,3550,3546,3541,3537,3537,3541,3544,3546,3548,3552,3557,3562,3569,3576,3582,3590,3602,3621,3652,3680,3699,3720,3732,3746,3769
3037,3036,3038,3042,3044,3044,3046,3048,3049,3051,3051,3052,3055,3056,3056,3057,3059,3057,3055,3059,3069,3078,3088,3096,3102,3109,3112,3115,3120,3128,3134,3135,3132,3126,3124,3117,3112,3105,3096,3091,3092,3095,3099,3103,3106,3108,3112,3115,3115,3116,3116,3118,3122,3127,3132,3137,3144,3146,3150,3156,3158,3159,3162,3169,3171,3174,3176,3179,3184,3189,3192,3193,3192,3194,3197,3198,3197,3200,3203,3206,3208,3211,3214,3216,3217,3221,3226,3231,3239,3244,3249,3253,3257,3259,3257,3256,3255,3254,3254,3252,3248,3242,3242,3248,3254,3258,3263,3269,3273,3279,3287,3291,3297,3307,3318,3326,3334,3343,3355,3362,3369,3379,3388,3394,3398,3402,3405,3410,3414,3419,3424,3430,3435,3441,3448,3455,3462,3465,3469,3474,3479,3478,3473,3466,3463,3459,3456,3455,3453,3455,3455,3456,3460,3466,3471,3477,3486,3495,3503,3511,3525,3543,3561,3576,3588,3604,3612,3617,3613,3600,3586,3571,3564,3563,3564,3562,3562,3561,3558,3553,3551,3554,3556,3554,3548,3542,3539,3535,3531,3525,3527,3535,3545,3553,3559,3565,3571,3578,3585,3592,3601,3608,3615,3626,3644,3658,3678,3693,3701,3710,3719,3720,3708,3693,3679,3672,3659,3640,3626,3621,3609,3596,3586,3577,3566,3558,3558,3558,3553,3549,3546,3543,3539,3537,3532,3529,3529,3532,3532,3534,3539,3547,3554,3563,3570,3577,3585,3596,3606,3619,3658,3696,3715,3728,3743,3765
3034,3033,3034,3038,3041,3042,3043,3045,3048,3049,3047,3048,3050,3051,3051,3052,3055,3053,3051,3056,3068,3079,3088,3095,3100,3108,3110,3113,3119,3124,3128,3128,3126,3120,3116,3113,3108,3100,3092,3086,3086,3089,3093,3096,3099,3101,3106,3109,3112,3116,3119,3122,3128,3135,3140,3145,3149,3148,3152,3157,3162,3165,3167,3171,3173,3173,3175,3177,3182,3187,3188,3187,3184,3185,3190,3191,3194,3200,3204,3205,3208,3211,3214,3215,3216,3220,3224,3229,3235,3239,3243,3248,3252,3253,3252,3248,3245,3245,3243,3238,3233,3231,3237,3244,3250,3257,3259,3264,3270,3274,3284,3290,3296,3305,3314,3322,3330,3337,3349,3358,3366,3376,3383,3388,3393,3396,3400,3403,3405,3409,3413,3419,3424,3431,3436,3443,3447,3452,3457,3463,3465,3463,3459,3453,3450,3445,3443,3444,3444,3444,3446,3450,3457,3461,3466,3473,3483,3495,3505,3519,3534,3549,3567,3582,3595,3602,3609,3610,3604,3593,3580,3564,3557,3556,3556,3557,3557,3555,3552,3548,3546,3549,3550,3547,3542,3537,3533,3533,3530,3527,3531,3538,3545,3552,3562,3567,3572,3578,3584,3592,3603,3610,3620,3644,3658,3670,3687,3705,3712,3717,3720,3713,3694,3680,3665,3658,3654,3638,3627,3621,3607,3588,3577,3571,3562,3553,3554,3555,3548,3543,3539,3536,3532,3531,3527,3522,3518,3519,3519,3521,3528,3538,3543,3550,3559,3570,3587,3595,3602,3612,3651,3680,3701,3723,3743,3767
3030,3031,3033,3035,3037,3037,3039,3040,3044,3046,3044,3043,3046,3048,3046,3046,3049,3049,3050,3057,3069,3081,3090,3094,3099,3107,3111,3115,3119,3122,3122,3120,3117,3111,3107,3105,3101,3093,3085,3081,3082,3085,3089,3093,3096,3098,3104,3109,3115,3121,3126,3131,3137,3144,3148,3153,3154,3155,3157,3161,3164,3167,3169,3171,3171,3170,3170,3172,3177,3181,3181,3179,3179,3180,3184,3189,3195,3202,3205,3207,3210,3211,3212,3215,3219,3222,3224,3226,3231,3235,3239,3243,3245,3247,3247,3242,3239,3237,3234,3226,3221,3225,3232,3239,3244,3247,3249,3256,3266,3275,3283,3289,3294,3303,3311,3317,3324,3331,3342,3352,3361,3370,3377,3381,3384,3386,3392,3393,3394,3398,3402,3406,3412,3418,3422,3428,3434,3439,3446,3450,3449,3446,3445,3441,3436,3432,3431,3431,3432,3435,3440,3448,3455,3458,3464,3472,3484,3499,3515,3529,3544,3558,3571,3584,3593,3601,3604,3603,3595,3583,3572,3558,3553,3550,3549,3551,3552,3549,3545,3542,3540,3543,3543,3541,3539,3533,3528,3526,3526,3527,3531,3536,3542,3552,3559,3564,3568,3576,3583,3593,3606,3617,3634,3656,3669,3679,3696,3714,3719,3723,3724,3710,3682,3670,3656,3648,3645,3636,3628,3622,3606,3587,3577,3572,3564,3551,3549,3549,3546,3542,3539,3533,3529,3526,3520,3515,3511,3511,3512,3513,3520,3528,3533,3544,3552,3564,3579,3592,3600,3613,3637,3669,3696,3715,3738,3759
3028,3030,3033,3034,3033,3034,3035,3036,3038,3041,3042,3041,3044,3047,3044,3043,3045,3047,3051,3058,3068,3081,3089,3095,3101,3109,3112,3116,3119,3121,3118,3115,3109,3102,3098,3094,3092,3087,3082,3078,3081,3086,3090,3096,3101,3105,3111,3116,3121,3128,3137,3142,3147,3152,3156,3159,3160,3163,3165,3166,3166,3167,3168,3168,3169,3168,3167,3167,3169,3171,3172,3175,3178,3181,3186,3191,3196,3201,3205,3207,3210,3211,3212,3217,3224,3225,3224,3225,3226,3228,3232,3236,3238,3242,3242,3239,3235,3230,3224,3217,3215,3219,3226,3232,3236,3239,3242,3251,3262,3271,3277,3284,3291,3300,3310,3313,3319,3328,3338,3345,3354,3363,3370,3374,3375,3376,3379,3381,3383,3388,3392,3396,3401,3406,3410,3416,3422,3428,3433,3436,3436,3435,3432,3429,3425,3421,3420,3420,3423,3430,3438,3446,3454,3461,3468,3478,3493,3507,3521,3537,3551,3564,3576,3586,3591,3598,3599,3593,3581,3569,3560,3552,3548,3545,3545,3547,3546,3543,3538,3534,3534,3535,3536,3536,3533,3530,3526,3523,3523,3525,3529,3535,3543,3549,3555,3560,3566,3574,3583,3596,3612,3629,3645,3666,3681,3693,3707,3721,3727,3729,3730,3704,3672,3662,3651,3642,3638,3632,3626,3621,3607,3594,3584,3577,3567,3555,3550,3551,3549,3546,3542,3536,3529,3522,3514,3509,3504,3504,3507,3507,3510,3517,3524,3536,3548,3559,3571,3584,3592,3605,3628,3665,3688,3703,3718,3735
3026,3028,3031,3032,3032,3032,3033,3034,3036,3038,3041,3042,3045,3046,3044,3042,3044,3049,3055,3061,3068,3078,3086,3091,3099,3107,3112,3115,3116,3115,3115,3111,3105,3098,3091,3087,3084,3082,3081,3082,3085,3089,3097,3104,3111,3117,3124,3126,3128,3136,3147,3152,3154,3159,3162,3163,3164,3165,3167,3166,3165,3166,3165,3165,3165,3164,3163,3162,3163,3166,3169,3175,3181,3184,3187,3191,3195,3199,3202,3206,3212,3212,3213,3216,3221,3224,3224,3223,3224,3225,3228,3231,3235,3237,3238,3235,3233,3226,3217,3210,3209,3212,3219,3225,3230,3234,3238,3246,3258,3268,3275,3281,3287,3295,3304,3309,3317,3326,3335,3342,3350,3359,3363,3365,3366,3367,3369,3370,3373,3377,3381,3385,3390,3394,3398,3403,3408,3414,3418,3422,3423,3420,3416,3413,3410,3408,3410,3413,3419,3427,3437,3446,3454,3462,3473,3487,3501,3515,3529,3542,3557,3569,3578,3585,3589,3589,3586,3578,3568,3556,3546,3541,3540,3543,3543,3541,3539,3536,3532,3528,3527,3529,3529,3528,3527,3525,3522,3519,3519,3523,3527,3533,3540,3545,3552,3558,3563,3569,3581,3599,3620,3638,3653,3678,3695,3705,3714,3726,3732,3731,3725,3690,3658,3653,3645,3638,3633,3628,3623,3618,3606,3597,3590,3583,3572,3563,3558,3555,3552,3549,3545,3539,3531,3523,3513,3505,3500,3498,3500,3501,3501,3508,3518,3531,3544,3555,3563,3574,3586,3597,3616,3638,3663,3686,3704,3721
3026,3026,3028,3029,3030,3030,3031,3034,3036,3037,3038,3042,3044,3043,3041,3040,3044,3052,3059,3063,3069,3078,3084,3090,3097,3105,3110,3113,3113,3111,3110,3105,3100,3093,3085,3079,3077,3077,3081,3086,3090,3096,3105,3111,3118,3126,3133,3136,3138,3146,3154,3156,3159,3163,3164,3164,3164,3165,3164,3162,3161,3162,3162,3159,3158,3159,3159,3159,3161,3168,3171,3176,3181,3185,3188,3192,3195,3197,3202,3206,3211,3212,3213,3215,3221,3224,3223,3221,3222,3223,3225,3230,3232,3233,3232,3231,3228,3222,3214,3206,3204,3208,3212,3219,3225,3229,3234,3243,3254,3264,3271,3276,3282,3291,3300,3307,3315,3324,3332,3339,3346,3352,3353,3354,3355,3357,3360,3360,3361,3367,3372,3378,3382,3384,3387,3391,3394,3399,3403,3408,3408,3404,3401,3397,3396,3397,3403,3410,3419,3428,3437,3447,3456,3465,3479,3493,3507,3521,3534,3545,3558,3569,3577,3582,3582,3578,3569,3559,3551,3540,3533,3530,3531,3537,3536,3534,3532,3530,3528,3524,3522,3523,3521,3519,3520,3519,3517,3515,3515,3519,3523,3528,3534,3540,3549,3556,3562,3566,3577,3601,3625,3642,3661,3688,3703,3712,3721,3730,3735,3731,3714,3673,3651,3646,3641,3637,3633,3628,3622,3616,3603,3596,3590,3583,3576,3569,3564,3558,3554,3550,3546,3541,3534,3525,3516,3507,3500,3495,3494,3495,3496,3503,3514,3528,3539,3547,3553,3566,3579,3598,3612,3624,3647,3670,3693,3712
3025,3024,3026,3029,3030,3028,3029,3033,3036,3036,3036,3039,3041,3038,3038,3039,3045,3054,3059,3063,3070,3081,3087,3092,3097,3102,3108,3110,3110,3108,3104,3098,3093,3087,3077,3072,3072,3076,3081,3088,3095,3104,3111,3117,3126,3133,3140,3144,3149,3155,3158,3160,3161,3164,3166,3165,3164,3162,3160,3158,3157,3158,3157,3155,3155,3157,3158,3158,3162,3169,3174,3178,3183,3187,3190,3194,3197,3196,3199,3203,3206,3209,3212,3217,3222,3222,3220,3219,3220,3221,3223,3227,3229,3229,3227,3224,3222,3219,3213,3207,3204,3205,3207,3213,3220,3226,3230,3239,3250,3260,3267,3273,3279,3288,3298,3304,3310,3319,3328,3336,3341,3344,3344,3344,3345,3347,3351,3352,3353,3358,3363,3367,3370,3373,3376,3378,3382,3387,3392,3394,3396,3395,3392,3388,3389,3392,3399,3411,3422,3429,3440,3452,3463,3475,3489,3501,3514,3526,3539,3549,3560,3570,3576,3578,3575,3569,3559,3549,3537,3524,3520,3519,3521,3526,3527,3528,3528,3524,3521,3518,3517,3516,3513,3510,3510,3510,3509,3508,3509,3512,3518,3522,3527,3535,3545,3555,3560,3565,3579,3604,3626,3643,3665,3692,3706,3720,3731,3733,3734,3722,3699,3670,3650,3642,3640,3638,3633,3628,3624,3616,3602,3594,3587,3580,3575,3571,3566,3559,3554,3551,3549,3544,3536,3527,3519,3510,3503,3495,3491,3490,3493,3500,3508,3516,3526,3537,3547,3560,3574,3588,3599,3611,3629,3653,3677,3696
3022,3023,3027,3030,3031,3029,3029,3032,3035,3036,3036,3036,3037,3035,3035,3037,3046,3054,3059,3065,3072,3080,3086,3092,3096,3100,3105,3107,3106,3104,3099,3093,3087,3082,3074,3069,3071,3077,3085,3092,3100,3109,3117,3124,3131,3139,3145,3149,3154,3157,3159,3161,3163,3165,3165,3162,3158,3155,3154,3151,3150,3152,3151,3151,3153,3157,3161,3162,3164,3169,3174,3179,3185,3190,3192,3195,3196,3195,3197,3202,3205,3208,3213,3217,3220,3220,3217,3215,3216,3218,3220,3223,3224,3222,3221,3219,3216,3214,3209,3204,3202,3203,3205,3209,3214,3220,3226,3236,3246,3255,3262,3269,3278,3287,3295,3300,3305,3313,3323,3331,3335,3337,3336,3335,3336,3340,3345,3348,3350,3352,3355,3356,3359,3361,3365,3368,3371,3375,3378,3380,3382,3383,3381,3380,3384,3390,3401,3415,3425,3433,3445,3459,3472,3485,3498,3509,3521,3532,3542,3551,3562,3570,3574,3572,3568,3557,3548,3538,3525,3515,3511,3509,3512,3515,3517,3520,3521,3517,3515,3513,3511,3509,3504,3501,3501,3502,3501,3500,3503,3507,3512,3517,3525,3534,3546,3555,3561,3569,3586,3612,3630,3648,3673,3693,3706,3725,3738,3741,3735,3720,3693,3667,3653,3645,3642,3639,3633,3628,3623,3615,3602,3594,3585,3576,3571,3567,3563,3556,3551,3550,3549,3544,3536,3528,3520,3513,3505,3497,3488,3484,3486,3496,3502,3507,3514,3527,3538,3553,3568,3577,3585,3595,3612,3640,3657,3672
3022,3023,3026,3031,3032,3030,3030,3032,3035,3037,3037,3037,3036,3033,3033,3038,3047,3056,3063,3069,3074,3079,3084,3090,3094,3098,3102,3103,3101,3098,3094,3089,3083,3079,3073,3069,3071,3078,3086,3094,3102,3112,3122,3129,3136,3143,3150,3153,3156,3158,3159,3161,3163,3163,3161,3156,3151,3148,3146,3142,3141,3142,3142,3144,3150,3157,3163,3166,3168,3169,3171,3177,3183,3191,3194,3194,3194,3195,3198,3202,3205,3207,3210,3213,3215,3214,3212,3209,3210,3213,3215,3216,3217,3215,3215,3215,3211,3207,3202,3199,3200,3202,3205,3207,3210,3215,3224,3234,3243,3251,3259,3267,3276,3285,3291,3296,3303,3310,3319,3325,3327,3327,3326,3326,3329,3334,3341,3345,3346,3347,3346,3347,3348,3350,3354,3358,3361,3363,3366,3367,3370,3372,3374,3377,3383,3393,3405,3419,3431,3442,3454,3466,3478,3491,3505,3516,3528,3538,3545,3553,3562,3568,3567,3564,3557,3546,3536,3526,3516,3509,3504,3503,3505,3507,3509,3510,3511,3510,3509,3508,3506,3503,3498,3495,3495,3496,3495,3495,3497,3502,3509,3517,3527,3537,3546,3555,3561,3570,3591,3619,3641,3660,3680,3695,3709,3727,3739,3742,3738,3723,3691,3667,3658,3649,3643,3638,3631,3627,3622,3615,3603,3593,3584,3574,3566,3562,3557,3551,3548,3548,3547,3542,3535,3528,3520,3510,3502,3493,3486,3479,3480,3489,3498,3502,3508,3518,3526,3536,3553,3560,3568,3581,3599,3624,3644,3659
3023,3023,3025,3029,3032,3030,3029,3030,3034,3036,3037,3036,3034,3031,3033,3040,3051,3060,3066,3071,3076,3079,3084,3089,3093,3096,3099,3099,3096,3093,3091,3087,3079,3073,3069,3068,3072,3080,3087,3095,3104,3114,3123,3130,3137,3144,3151,3154,3156,3157,3158,3159,3160,3158,3155,3148,3142,3139,3137,3134,3133,3134,3135,3140,3149,3158,3163,3166,3169,3170,3171,3174,3182,3190,3194,3195,3194,3196,3200,3203,3204,3205,3207,3211,3211,3210,3207,3204,3205,3206,3208,3210,3211,3210,3210,3208,3205,3197,3194,3195,3198,3200,3203,3206,3209,3215,3224,3232,3240,3249,3258,3267,3274,3281,3288,3293,3299,3306,3314,3317,3318,3317,3316,3319,3325,3331,3336,3342,3343,3342,3341,3339,3340,3342,3345,3349,3352,3354,3355,3357,3362,3367,3372,3378,3386,3398,3412,3426,3440,3450,3461,3472,3485,3496,3508,3520,3532,3540,3546,3553,3560,3562,3559,3553,3543,3533,3524,3516,3510,3504,3499,3498,3499,3501,3503,3503,3503,3504,3503,3501,3499,3497,3491,3490,3490,3490,3491,3490,3492,3497,3507,3517,3529,3538,3545,3554,3561,3572,3601,3627,3650,3670,3687,3702,3717,3730,3739,3741,3738,3727,3684,3665,3659,3650,3643,3635,3628,3624,3623,3618,3602,3589,3579,3570,3562,3556,3550,3546,3546,3546,3544,3540,3534,3527,3518,3508,3500,3492,3484,3478,3476,3480,3489,3496,3503,3509,3513,3518,3528,3543,3557,3569,3585,3607,3633,3651
3023,3024,3024,3026,3028,3027,3027,3028,3032,3033,3034,3034,3030,3029,3033,3042,3053,3062,3067,3073,3078,3080,3083,3088,3093,3096,3096,3095,3091,3088,3086,3081,3074,3067,3063,3064,3070,3080,3088,3095,3105,3115,3122,3129,3138,3144,3149,3151,3153,3154,3156,3156,3155,3153,3149,3142,3135,3131,3129,3129,3130,3131,3134,3140,3150,3158,3162,3166,3169,3172,3174,3176,3183,3189,3194,3196,3195,3197,3200,3201,3202,3203,3206,3209,3210,3208,3205,3202,3200,3199,3202,3206,3209,3208,3206,3204,3199,3191,3189,3191,3195,3199,3202,3206,3210,3216,3223,3229,3236,3245,3257,3267,3272,3278,3285,3288,3293,3299,3305,3306,3308,3308,3311,3316,3322,3329,3333,3336,3337,3336,3334,3333,3333,3335,3339,3344,3346,3347,3348,3353,3362,3368,3372,3379,3391,3404,3417,3431,3445,3454,3465,3477,3488,3498,3510,3523,3534,3540,3545,3551,3554,3553,3548,3539,3528,3517,3511,3506,3501,3497,3494,3494,3495,3497,3498,3498,3498,3498,3495,3493,3491,3487,3484,3482,3484,3486,3485,3485,3486,3493,3505,3517,3529,3538,3546,3557,3567,3581,3603,3630,3655,3675,3692,3710,3723,3732,3740,3740,3736,3728,3690,3663,3655,3646,3638,3632,3626,3623,3621,3615,3598,3586,3576,3566,3556,3549,3543,3543,3544,3544,3543,3540,3533,3526,3517,3508,3501,3492,3483,3476,3471,3470,3479,3487,3493,3500,3504,3507,3514,3531,3548,3561,3575,3596,3619,3637
3021,3022,3021,3021,3024,3024,3025,3027,3029,3030,3031,3031,3028,3029,3035,3044,3055,3063,3068,3075,3079,3080,3083,3088,3093,3095,3094,3091,3087,3083,3080,3075,3068,3061,3059,3061,3067,3079,3086,3094,3104,3113,3119,3128,3136,3142,3145,3147,3149,3150,3152,3153,3149,3147,3144,3136,3130,3126,3126,3129,3133,3136,3141,3146,3153,3158,3161,3165,3170,3173,3176,3179,3184,3189,3194,3196,3196,3196,3197,3198,3200,3201,3204,3207,3208,3206,3202,3199,3195,3194,3196,3201,3205,3204,3202,3199,3193,3186,3184,3187,3192,3198,3202,3205,3210,3215,3221,3227,3233,3241,3253,3264,3270,3273,3278,3281,3285,3290,3294,3295,3299,3303,3309,3315,3321,3326,3329,3329,3329,3329,3328,3328,3329,3331,3337,3342,3343,3344,3348,3355,3363,3368,3373,3381,3395,3410,3422,3434,3445,3456,3467,3478,3489,3499,3509,3521,3531,3537,3540,3543,3544,3541,3536,3526,3513,3502,3499,3498,3493,3489,3489,3491,3492,3493,3493,3492,3491,3489,3486,3483,3480,3479,3478,3478,3479,3480,3479,3480,3485,3494,3507,3518,3527,3537,3549,3564,3580,3593,3612,3637,3659,3677,3694,3713,3724,3731,3738,3737,3733,3727,3702,3660,3648,3638,3633,3632,3628,3622,3616,3610,3597,3586,3577,3566,3555,3547,3542,3543,3542,3542,3541,3537,3530,3522,3513,3505,3498,3488,3479,3473,3467,3464,3470,3477,3482,3491,3497,3500,3507,3522,3540,3554,3568,3587,3607,3623
3018,3019,3018,3018,3022,3024,3025,3027,3027,3026,3026,3028,3029,3033,3040,3047,3056,3065,3072,3077,3079,3081,3085,3088,3091,3092,3091,3087,3083,3079,3075,3069,3063,3058,3059,3063,3068,3078,3085,3094,3104,3111,3118,3125,3132,3137,3140,3143,3145,3146,3149,3148,3144,3141,3138,3132,3126,3123,3125,3131,3136,3141,3148,3153,3156,3158,3162,3166,3171,3174,3177,3179,3183,3188,3192,3196,3195,3193,3192,3194,3198,3200,3202,3205,3207,3204,3199,3196,3193,3189,3190,3193,3196,3197,3195,3191,3186,3182,3181,3184,3189,3195,3200,3203,3207,3213,3218,3223,3230,3239,3251,3261,3265,3267,3270,3273,3277,3281,3284,3287,3294,3301,3308,3313,3317,3322,3323,3324,3325,3326,3325,3326,3328,3331,3336,3341,3341,3344,3350,3357,3364,3369,3377,3387,3401,3415,3427,3435,3447,3458,3468,3477,3488,3497,3507,3516,3525,3530,3532,3532,3530,3526,3521,3512,3500,3490,3488,3488,3484,3479,3481,3484,3485,3486,3486,3484,3480,3476,3475,3471,3470,3471,3473,3473,3472,3472,3474,3479,3486,3495,3508,3518,3527,3537,3554,3576,3593,3607,3627,3648,3663,3678,3694,3713,3724,3730,3735,3733,3729,3724,3704,3654,3639,3633,3630,3632,3628,3621,3614,3609,3599,3588,3578,3567,3556,3549,3544,3542,3540,3538,3538,3534,3526,3517,3507,3498,3491,3481,3474,3469,3463,3458,3461,3466,3472,3481,3487,3492,3501,3515,3530,3544,3558,3574,3591,3606
3018,3017,3016,3017,3022,3025,3026,3026,3025,3023,3024,3028,3032,3037,3043,3049,3057,3067,3074,3078,3080,3083,3086,3088,3088,3088,3086,3083,3078,3074,3071,3066,3059,3057,3059,3063,3069,3077,3085,3095,3105,3112,3118,3123,3128,3133,3137,3139,3140,3142,3143,3141,3137,3134,3130,3126,3120,3120,3124,3131,3137,3144,3152,3158,3161,3163,3165,3168,3171,3173,3176,3177,3180,3184,3190,3193,3193,3191,3189,3192,3197,3200,3201,3202,3202,3199,3196,3194,3191,3187,3185,3187,3189,3189,3187,3183,3178,3177,3179,3182,3186,3191,3195,3199,3203,3209,3215,3220,3228,3239,3249,3257,3259,3260,3261,3264,3268,3272,3277,3282,3292,3298,3304,3309,3312,3316,3319,3321,3322,3324,3325,3327,3328,3330,3334,3339,3342,3345,3350,3358,3366,3373,3381,3393,3406,3417,3427,3437,3448,3458,3467,3476,3487,3495,3503,3510,3517,3520,3521,3519,3515,3510,3503,3495,3486,3478,3476,3476,3471,3468,3470,3472,3472,3474,3475,3472,3469,3466,3464,3461,3460,3462,3465,3465,3465,3466,3471,3479,3486,3494,3506,3517,3528,3540,3563,3587,3603,3618,3635,3653,3666,3680,3694,3711,3722,3728,3731,3730,3724,3717,3694,3651,3638,3633,3629,3628,3625,3619,3614,3611,3601,3588,3578,3568,3556,3549,3544,3540,3538,3535,3534,3532,3525,3514,3503,3493,3486,3477,3471,3464,3458,3451,3450,3457,3464,3473,3480,3488,3498,3510,3520,3532,3547,3561,3578,3594
3016,3014,3013,3014,3019,3023,3024,3024,3023,3022,3024,3031,3036,3039,3043,3048,3057,3067,3074,3078,3080,3084,3086,3086,3085,3083,3081,3077,3073,3069,3067,3064,3058,3055,3059,3063,3070,3078,3087,3096,3105,3111,3118,3122,3126,3131,3134,3135,3136,3137,3136,3132,3130,3127,3122,3118,3114,3116,3123,3132,3140,3147,3154,3161,3166,3167,3168,3169,3169,3170,3172,3174,3177,3180,3185,3189,3190,3189,3189,3192,3197,3199,3199,3198,3198,3195,3193,3192,3188,3184,3181,3182,3182,3182,3178,3174,3172,3174,3178,3180,3183,3188,3193,3196,3200,3207,3213,3219,3227,3237,3246,3252,3254,3253,3252,3253,3258,3264,3271,3279,3288,3293,3298,3303,3307,3310,3314,3318,3320,3322,3325,3327,3328,3331,3336,3342,3346,3349,3354,3364,3371,3376,3385,3397,3409,3419,3428,3438,3448,3457,3465,3474,3485,3492,3498,3502,3505,3507,3506,3504,3499,3492,3485,3478,3472,3467,3465,3464,3459,3456,3457,3457,3457,3459,3460,3458,3457,3457,3455,3453,3453,3456,3458,3459,3460,3464,3472,3480,3488,3495,3505,3517,3530,3547,3571,3593,3610,3626,3639,3655,3669,3682,3694,3707,3718,3724,3728,3727,3720,3710,3691,3658,3643,3635,3629,3625,3621,3616,3613,3611,3599,3585,3576,3567,3555,3548,3542,3539,3535,3532,3531,3530,3525,3512,3499,3489,3480,3472,3466,3459,3451,3442,3442,3452,3460,3470,3479,3485,3495,3505,3513,3525,3539,3555,3572,3588
3011,3008,3008,3010,3014,3017,3019,3019,3020,3023,3028,3034,3040,3042,3043,3047,3058,3067,3072,3076,3079,3083,3084,3083,3081,3079,3077,3073,3068,3064,3063,3061,3056,3053,3058,3064,3071,3081,3090,3098,3105,3111,3118,3122,3125,3130,3131,3133,3134,3133,3129,3124,3122,3119,3114,3112,3111,3115,3123,3134,3143,3150,3155,3162,3165,3167,3167,3168,3166,3166,3168,3170,3173,3176,3180,3184,3186,3188,3190,3193,3196,3196,3196,3196,3193,3190,3189,3188,3184,3180,3178,3177,3176,3174,3169,3166,3167,3172,3176,3178,3180,3186,3192,3195,3200,3206,3212,3218,3225,3233,3241,3245,3247,3246,3244,3246,3251,3258,3266,3274,3282,3287,3292,3298,3302,3306,3310,3315,3319,3322,3324,3325,3328,3333,3340,3347,3352,3356,3362,3372,3377,3381,3389,3400,3410,3421,3429,3437,3447,3456,3463,3469,3477,3483,3487,3488,3487,3488,3487,3486,3482,3476,3468,3463,3459,3456,3454,3453,3448,3444,3443,3443,3443,3444,3444,3444,3445,3446,3446,3446,3448,3451,3452,3454,3458,3465,3475,3483,3490,3498,3507,3518,3532,3553,3573,3597,3617,3632,3645,3660,3673,3684,3694,3705,3715,3721,3723,3723,3717,3706,3692,3664,3646,3635,3628,3624,3617,3611,3610,3609,3598,3584,3574,3565,3555,3547,3541,3536,3532,3531,3528,3526,3522,3510,3496,3485,3472,3464,3460,3454,3447,3437,3441,3453,3464,3473,3479,3484,3492,3501,3512,3524,3536,3552,3570,3583
3006,3005,3007,3010,3011,3013,3015,3016,3021,3026,3031,3038,3043,3044,3044,3047,3058,3066,3069,3072,3077,3080,3081,3079,3078,3076,3072,3069,3065,3061,3059,3056,3052,3052,3058,3067,3076,3085,3095,3102,3107,3112,3118,3121,3125,3129,3130,3132,3132,3130,3122,3117,3114,3111,3109,3110,3112,3119,3127,3138,3147,3151,3154,3159,3161,3162,3162,3163,3162,3162,3165,3166,3168,3170,3174,3179,3183,3186,3189,3192,3194,3193,3192,3192,3190,3186,3185,3183,3180,3177,3174,3173,3171,3168,3163,3160,3164,3171,3174,3175,3178,3185,3191,3195,3199,3205,3211,3217,3223,3229,3235,3238,3239,3239,3238,3241,3247,3253,3261,3269,3277,3283,3289,3296,3301,3305,3308,3313,3318,3321,3324,3327,3333,3339,3345,3353,3359,3364,3371,3379,3384,3389,3396,3404,3411,3421,3428,3437,3446,3454,3459,3461,3465,3469,3471,3470,3468,3467,3466,3464,3463,3459,3453,3449,3446,3443,3441,3440,3436,3430,3427,3427,3429,3430,3431,3432,3434,3436,3438,3440,3443,3447,3449,3451,3457,3466,3477,3484,3491,3499,3508,3518,3535,3557,3576,3602,3622,3637,3653,3667,3677,3684,3693,3705,3712,3716,3717,3718,3714,3703,3687,3661,3644,3633,3626,3619,3609,3603,3604,3606,3598,3585,3572,3564,3554,3546,3539,3534,3529,3527,3526,3523,3519,3508,3495,3483,3465,3454,3451,3450,3444,3436,3443,3457,3469,3478,3482,3487,3493,3500,3515,3529,3537,3549,3566,3578
3007,3008,3010,3012,3012,3013,3015,3017,3025,3030,3035,3041,3044,3046,3046,3048,3057,3063,3065,3068,3074,3077,3077,3075,3074,3071,3067,3065,3062,3058,3056,3051,3049,3053,3062,3072,3081,3089,3099,3105,3109,3112,3116,3120,3124,3127,3128,3128,3126,3122,3113,3109,3106,3103,3104,3109,3116,3124,3131,3139,3148,3151,3151,3154,3156,3157,3157,3157,3156,3157,3162,3162,3163,3165,3169,3176,3180,3183,3187,3189,3190,3189,3189,3189,3187,3184,3180,3178,3177,3175,3171,3169,3168,3164,3160,3159,3164,3172,3173,3174,3176,3183,3190,3195,3198,3203,3208,3214,3221,3226,3230,3231,3231,3233,3235,3240,3246,3252,3258,3265,3273,3282,3291,3300,3306,3309,3311,3314,3319,3324,3329,3334,3341,3347,3352,3359,3364,3369,3374,3381,3387,3393,3399,3407,3413,3420,3428,3438,3447,3451,3451,3451,3453,3452,3452,3451,3449,3447,3446,3444,3441,3439,3437,3434,3431,3429,3427,3425,3421,3415,3411,3411,3414,3417,3420,3423,3425,3427,3432,3436,3440,3442,3447,3451,3458,3466,3475,3483,3490,3499,3506,3515,3537,3566,3586,3607,3629,3644,3658,3671,3679,3682,3691,3702,3708,3711,3712,3713,3710,3699,3682,3656,3640,3630,3622,3614,3601,3597,3600,3601,3594,3583,3570,3560,3551,3543,3537,3533,3528,3523,3524,3522,3515,3503,3492,3479,3461,3446,3441,3442,3439,3436,3444,3458,3471,3480,3485,3491,3497,3505,3521,3533,3541,3550,3565,3575
3012,3012,3015,3015,3014,3016,3020,3023,3030,3033,3038,3043,3047,3048,3049,3051,3057,3063,3064,3066,3071,3074,3073,3071,3069,3065,3062,3060,3059,3055,3051,3047,3048,3056,3065,3073,3082,3090,3098,3105,3109,3111,3114,3118,3121,3121,3122,3121,3118,3112,3105,3101,3097,3097,3102,3110,3118,3125,3132,3139,3146,3150,3148,3150,3151,3152,3152,3152,3151,3152,3156,3159,3160,3163,3167,3174,3179,3182,3185,3186,3186,3187,3187,3185,3182,3178,3174,3172,3173,3171,3168,3165,3164,3162,3159,3159,3164,3171,3174,3174,3176,3182,3189,3193,3196,3201,3206,3213,3219,3224,3226,3226,3227,3230,3234,3238,3245,3252,3258,3263,3273,3283,3294,3304,3311,3313,3314,3318,3325,3332,3337,3342,3349,3355,3359,3365,3368,3371,3374,3381,3388,3394,3402,3410,3416,3421,3429,3439,3445,3445,3441,3439,3437,3435,3433,3431,3430,3429,3427,3423,3420,3419,3417,3416,3415,3413,3412,3409,3406,3402,3399,3400,3403,3409,3415,3418,3421,3423,3427,3433,3436,3438,3445,3454,3459,3465,3473,3481,3489,3498,3505,3514,3545,3581,3599,3618,3636,3648,3660,3670,3678,3681,3688,3697,3703,3706,3707,3708,3705,3694,3675,3652,3638,3628,3619,3608,3597,3596,3597,3596,3588,3578,3565,3555,3548,3541,3534,3531,3527,3522,3522,3520,3510,3498,3485,3470,3453,3438,3434,3434,3433,3434,3443,3456,3469,3478,3484,3492,3499,3509,3523,3535,3544,3556,3568,3576
3017,3017,3018,3017,3018,3022,3028,3030,3034,3037,3040,3043,3048,3050,3053,3056,3060,3064,3065,3065,3068,3070,3069,3065,3062,3059,3056,3056,3056,3052,3046,3043,3049,3058,3066,3074,3083,3091,3097,3103,3108,3110,3114,3117,3117,3116,3115,3115,3110,3103,3098,3093,3091,3097,3104,3113,3119,3125,3133,3140,3146,3147,3147,3146,3145,3146,3148,3149,3148,3149,3153,3158,3159,3163,3167,3173,3177,3181,3183,3183,3183,3185,3184,3181,3176,3171,3167,3165,3167,3167,3164,3162,3161,3159,3158,3159,3163,3168,3172,3175,3179,3184,3189,3193,3197,3201,3207,3213,3218,3220,3221,3222,3225,3228,3231,3235,3242,3251,3257,3264,3273,3282,3293,3302,3310,3314,3317,3322,3329,3336,3341,3347,3353,3358,3363,3369,3372,3375,3378,3384,3392,3399,3406,3414,3420,3426,3432,3437,3439,3436,3429,3425,3421,3421,3418,3414,3413,3412,3409,3405,3402,3400,3399,3399,3400,3399,3397,3395,3394,3394,3393,3396,3402,3408,3415,3417,3419,3421,3425,3430,3432,3435,3445,3456,3462,3467,3476,3483,3491,3500,3508,3528,3565,3592,3610,3629,3641,3649,3657,3666,3674,3680,3685,3692,3696,3700,3701,3699,3697,3686,3665,3647,3633,3623,3614,3604,3597,3598,3596,3591,3581,3569,3558,3551,3546,3538,3530,3527,3526,3523,3520,3516,3506,3493,3476,3459,3445,3434,3428,3428,3429,3433,3441,3453,3464,3473,3481,3490,3500,3510,3522,3535,3547,3560,3571,3579
3022,3021,3020,3020,3022,3026,3033,3036,3039,3042,3041,3043,3048,3051,3054,3058,3063,3066,3063,3061,3061,3063,3063,3058,3054,3053,3051,3052,3052,3049,3042,3043,3050,3058,3065,3075,3085,3093,3099,3103,3106,3109,3113,3115,3115,3112,3110,3108,3103,3095,3091,3089,3092,3100,3109,3115,3121,3127,3135,3142,3146,3146,3144,3142,3139,3141,3143,3145,3146,3148,3153,3158,3159,3163,3167,3171,3174,3177,3180,3182,3182,3183,3182,3178,3171,3166,3162,3159,3162,3161,3159,3157,3156,3154,3154,3157,3161,3166,3171,3175,3180,3186,3192,3197,3200,3204,3208,3213,3215,3215,3216,3218,3222,3225,3228,3232,3240,3248,3256,3262,3270,3280,3289,3298,3307,3313,3318,3323,3329,3335,3339,3346,3352,3357,3363,3370,3376,3379,3383,3391,3399,3406,3412,3419,3425,3430,3434,3433,3430,3426,3419,3414,3410,3407,3405,3402,3399,3396,3393,3391,3388,3385,3384,3385,3387,3386,3385,3384,3386,3390,3392,3397,3404,3411,3417,3419,3420,3423,3426,3431,3434,3436,3446,3457,3465,3472,3480,3486,3495,3506,3518,3547,3582,3599,3614,3631,3644,3650,3655,3665,3674,3679,3683,3686,3690,3694,3694,3692,3689,3678,3658,3640,3628,3616,3606,3598,3594,3593,3591,3585,3572,3560,3552,3548,3545,3537,3528,3525,3525,3522,3518,3512,3501,3487,3469,3454,3442,3430,3425,3425,3426,3432,3440,3450,3459,3466,3476,3487,3498,3508,3520,3532,3545,3558,3569,3577
3024,3022,3020,3022,3025,3028,3033,3039,3044,3046,3044,3045,3051,3054,3057,3059,3063,3063,3059,3055,3054,3055,3055,3052,3050,3048,3047,3047,3048,3044,3039,3043,3051,3058,3066,3076,3086,3094,3100,3102,3104,3107,3111,3112,3111,3108,3104,3100,3094,3089,3087,3090,3096,3104,3112,3117,3121,3128,3135,3143,3146,3145,3141,3138,3135,3136,3139,3144,3147,3151,3154,3158,3160,3163,3167,3169,3170,3172,3177,3181,3181,3180,3177,3173,3167,3162,3155,3153,3154,3153,3151,3149,3149,3150,3152,3155,3159,3165,3170,3175,3181,3188,3196,3202,3204,3205,3209,3211,3209,3210,3212,3215,3220,3222,3226,3232,3240,3246,3253,3260,3267,3277,3286,3295,3303,3310,3317,3323,3329,3333,3337,3344,3351,3357,3364,3373,3379,3383,3388,3398,3408,3414,3419,3423,3426,3427,3428,3423,3418,3414,3409,3405,3400,3396,3391,3388,3384,3382,3380,3378,3377,3376,3376,3376,3377,3377,3378,3381,3384,3389,3393,3398,3403,3410,3415,3418,3420,3424,3429,3435,3439,3441,3449,3458,3468,3475,3482,3488,3500,3515,3530,3559,3590,3605,3616,3632,3643,3649,3656,3666,3674,3676,3678,3680,3683,3686,3685,3684,3683,3672,3651,3633,3623,3610,3599,3590,3586,3586,3583,3578,3565,3554,3549,3546,3542,3537,3530,3524,3521,3516,3512,3506,3494,3478,3464,3452,3438,3424,3420,3420,3424,3431,3440,3448,3455,3465,3474,3483,3492,3503,3514,3527,3541,3552,3563,3572
3024,3022,3020,3020,3023,3026,3030,3038,3046,3049,3050,3051,3055,3058,3060,3059,3058,3059,3055,3050,3047,3046,3046,3046,3047,3046,3045,3044,3042,3038,3038,3043,3051,3059,3069,3078,3085,3093,3097,3099,3101,3104,3106,3107,3106,3102,3096,3092,3087,3085,3086,3092,3101,3109,3117,3120,3124,3130,3136,3143,3144,3141,3138,3134,3134,3136,3139,3145,3150,3153,3156,3158,3163,3165,3168,3169,3169,3169,3173,3177,3177,3175,3171,3167,3163,3157,3150,3145,3145,3145,3144,3143,3144,3146,3149,3153,3160,3167,3171,3176,3182,3190,3198,3203,3204,3205,3208,3207,3205,3205,3209,3214,3220,3224,3229,3235,3241,3247,3254,3260,3268,3276,3285,3294,3302,3310,3316,3323,3329,3334,3340,3346,3354,3361,3369,3378,3385,3390,3395,3405,3412,3418,3421,3422,3421,3418,3413,3407,3403,3400,3398,3395,3390,3385,3381,3376,3372,3370,3370,3369,3368,3368,3370,3370,3370,3372,3378,3384,3388,3393,3396,3399,3404,3409,3414,3418,3421,3425,3430,3436,3442,3446,3451,3459,3469,3477,3484,3491,3505,3523,3542,3574,3596,3608,3617,3630,3640,3647,3657,3669,3672,3671,3670,3671,3674,3676,3677,3677,3676,3666,3646,3628,3615,3602,3591,3582,3579,3577,3575,3571,3562,3554,3549,3544,3538,3536,3532,3524,3517,3511,3506,3501,3489,3475,3461,3447,3430,3414,3413,3416,3422,3428,3436,3443,3452,3465,3476,3484,3490,3499,3510,3523,3535,3546,3555,3565
3022,3021,3019,3017,3018,3022,3030,3039,3046,3051,3054,3054,3057,3059,3060,3058,3055,3053,3051,3047,3043,3041,3041,3043,3045,3044,3042,3040,3037,3033,3037,3044,3052,3061,3070,3078,3083,3089,3093,3096,3099,3101,3102,3102,3100,3095,3089,3086,3083,3083,3086,3096,3104,3112,3121,3125,3128,3133,3138,3142,3141,3136,3134,3133,3134,3137,3140,3145,3149,3153,3155,3159,3164,3166,3168,3169,3169,3169,3171,3173,3173,3171,3168,3163,3159,3155,3147,3141,3139,3140,3141,3141,3141,3142,3146,3153,3162,3169,3173,3178,3185,3193,3198,3200,3201,3202,3204,3204,3202,3203,3208,3214,3220,3228,3234,3238,3242,3247,3255,3263,3271,3278,3286,3295,3302,3309,3315,3323,3330,3338,3344,3352,3361,3369,3376,3384,3392,3396,3402,3409,3414,3416,3417,3415,3410,3405,3398,3392,3389,3387,3385,3382,3379,3375,3373,3368,3365,3365,3365,3364,3362,3363,3366,3367,3369,3373,3380,3388,3393,3398,3401,3403,3407,3413,3419,3423,3426,3428,3431,3437,3446,3451,3456,3464,3474,3480,3486,3496,3515,3533,3558,3583,3600,3611,3619,3630,3638,3646,3657,3667,3667,3666,3666,3665,3666,3668,3669,3670,3668,3661,3645,3624,3608,3595,3584,3576,3572,3571,3570,3566,3559,3551,3546,3540,3532,3531,3530,3523,3516,3509,3503,3496,3485,3473,3456,3437,3421,3410,3410,3414,3422,3428,3434,3441,3451,3464,3477,3486,3492,3500,3508,3516,3527,3540,3549,3559
3020,3019,3018,3017,3019,3023,3032,3041,3046,3051,3054,3055,3056,3057,3058,3057,3053,3049,3048,3045,3041,3038,3038,3040,3039,3040,3038,3037,3034,3032,3039,3045,3053,3063,3070,3076,3081,3085,3091,3093,3093,3093,3095,3095,3092,3088,3083,3080,3079,3082,3088,3099,3107,3114,3125,3129,3131,3134,3139,3142,3139,3135,3132,3130,3132,3137,3141,3145,3149,3153,3155,3157,3161,3164,3165,3166,3167,3169,3169,3168,3168,3166,3163,3160,3156,3152,3145,3139,3136,3137,3140,3142,3140,3141,3147,3155,3163,3169,3175,3181,3186,3192,3196,3196,3196,3196,3198,3199,3201,3203,3209,3214,3219,3225,3233,3240,3244,3250,3261,3269,3276,3283,3291,3299,3303,3307,3314,3323,3332,3339,3348,3359,3369,3375,3379,3386,3393,3397,3403,3409,3411,3412,3410,3403,3397,3392,3386,3381,3378,3374,3371,3371,3369,3366,3364,3360,3358,3359,3360,3358,3358,3363,3365,3369,3375,3381,3384,3389,3397,3403,3405,3408,3413,3420,3426,3429,3433,3435,3439,3444,3452,3458,3465,3471,3476,3482,3488,3501,3524,3546,3567,3586,3602,3613,3622,3633,3641,3648,3654,3659,3660,3659,3659,3657,3657,3659,3661,3662,3661,3655,3642,3619,3603,3588,3579,3571,3566,3565,3565,3562,3555,3548,3541,3532,3527,3528,3528,3522,3516,3510,3503,3495,3481,3465,3446,3430,3418,3409,3408,3413,3421,3429,3436,3444,3453,3464,3476,3484,3492,3498,3505,3514,3525,3536,3547,3556
3018,3017,3019,3019,3020,3028,3037,3042,3044,3047,3051,3053,3055,3055,3055,3055,3052,3048,3045,3042,3038,3035,3034,3034,3033,3032,3033,3034,3032,3031,3036,3044,3055,3065,3070,3075,3078,3080,3087,3088,3086,3086,3087,3087,3083,3079,3076,3074,3076,3082,3091,3101,3108,3115,3125,3131,3132,3136,3139,3141,3139,3134,3130,3126,3129,3135,3139,3143,3149,3152,3153,3154,3155,3158,3160,3160,3162,3166,3166,3162,3159,3158,3157,3156,3152,3148,3142,3136,3132,3132,3136,3138,3140,3143,3150,3158,3165,3170,3176,3181,3185,3189,3192,3192,3191,3190,3193,3196,3200,3206,3213,3216,3219,3224,3233,3242,3249,3256,3266,3272,3278,3285,3295,3302,3304,3309,3316,3325,3333,3344,3355,3365,3372,3376,3380,3388,3393,3397,3401,3405,3405,3404,3400,3393,3388,3383,3377,3372,3368,3364,3362,3362,3360,3356,3353,3350,3348,3352,3354,3353,3357,3363,3367,3376,3385,3388,3389,3393,3399,3406,3408,3413,3419,3425,3431,3436,3441,3446,3451,3455,3460,3464,3466,3472,3478,3486,3494,3504,3526,3552,3572,3589,3602,3612,3623,3635,3642,3647,3647,3647,3648,3649,3648,3646,3647,3649,3653,3654,3654,3650,3638,3622,3599,3585,3575,3565,3559,3560,3559,3555,3549,3543,3535,3528,3525,3526,3526,3521,3516,3510,3503,3495,3478,3458,3442,3426,3412,3407,3407,3410,3416,3426,3435,3445,3453,3464,3474,3480,3485,3493,3503,3515,3528,3538,3550,3561
3017,3017,3019,3020,3023,3031,3038,3040,3041,3044,3047,3049,3052,3052,3051,3051,3047,3043,3040,3037,3032,3029,3028,3027,3025,3025,3027,3029,3030,3032,3039,3048,3059,3066,3070,3075,3078,3080,3082,3081,3080,3080,3078,3077,3075,3074,3072,3073,3076,3084,3095,3103,3110,3115,3125,3132,3134,3137,3141,3141,3139,3133,3127,3123,3123,3129,3134,3138,3143,3147,3148,3148,3149,3153,3155,3156,3158,3161,3162,3159,3151,3150,3150,3149,3145,3140,3134,3130,3125,3127,3132,3138,3143,3148,3154,3163,3169,3173,3177,3180,3181,3183,3184,3185,3187,3189,3192,3195,3199,3207,3215,3218,3222,3228,3238,3246,3250,3257,3265,3271,3278,3286,3295,3302,3305,3312,3321,3329,3337,3349,3361,3368,3372,3376,3383,3389,3393,3396,3398,3400,3400,3396,3390,3384,3378,3373,3367,3364,3361,3357,3356,3355,3350,3345,3342,3341,3343,3346,3348,3353,3360,3367,3375,3384,3390,3394,3396,3400,3405,3408,3412,3419,3424,3431,3436,3440,3446,3452,3457,3462,3465,3466,3469,3476,3486,3495,3506,3522,3539,3554,3573,3589,3600,3610,3619,3631,3639,3643,3640,3637,3637,3637,3637,3636,3636,3638,3643,3647,3649,3647,3637,3619,3597,3581,3571,3562,3556,3556,3557,3554,3548,3542,3534,3528,3524,3524,3523,3519,3514,3507,3499,3490,3472,3454,3438,3422,3410,3404,3403,3405,3412,3421,3430,3440,3450,3462,3472,3477,3482,3489,3504,3521,3533,3544,3561,3577
3016,3017,3019,3021,3025,3032,3037,3040,3041,3044,3046,3047,3049,3049,3049,3047,3040,3037,3032,3028,3024,3021,3021,3020,3020,3020,3022,3024,3029,3039,3047,3054,3061,3065,3069,3076,3081,3079,3075,3073,3072,3071,3069,3068,3068,3069,3072,3076,3081,3088,3100,3107,3113,3119,3127,3134,3135,3138,3140,3141,3138,3133,3127,3120,3118,3122,3129,3133,3137,3141,3143,3143,3145,3148,3152,3155,3155,3157,3157,3153,3146,3144,3141,3140,3136,3133,3128,3124,3122,3126,3133,3141,3150,3155,3161,3167,3171,3175,3178,3178,3177,3178,3179,3182,3185,3189,3193,3194,3198,3207,3216,3220,3225,3231,3239,3247,3251,3256,3264,3272,3280,3287,3293,3300,3306,3315,3324,3333,3343,3353,3363,3371,3375,3379,3384,3389,3392,3396,3397,3396,3391,3386,3378,3373,3370,3366,3361,3358,3354,3351,3347,3343,3337,3334,3334,3335,3338,3341,3347,3357,3369,3376,3382,3388,3395,3400,3404,3406,3409,3413,3417,3422,3428,3434,3439,3442,3450,3456,3461,3463,3466,3471,3477,3486,3502,3512,3521,3532,3546,3558,3572,3583,3595,3608,3619,3629,3635,3636,3631,3627,3625,3625,3624,3626,3626,3628,3632,3639,3643,3644,3637,3618,3597,3581,3573,3561,3553,3554,3556,3555,3550,3542,3533,3526,3521,3519,3518,3516,3511,3502,3493,3485,3466,3449,3434,3419,3407,3402,3402,3402,3406,3416,3426,3434,3444,3459,3470,3477,3480,3484,3495,3517,3537,3549,3568,3588
3015,3016,3017,3019,3023,3030,3036,3040,3043,3045,3045,3045,3047,3050,3047,3041,3037,3031,3025,3019,3015,3013,3014,3015,3016,3018,3019,3023,3030,3039,3049,3054,3058,3062,3066,3072,3075,3072,3069,3066,3063,3062,3061,3060,3061,3065,3074,3081,3088,3096,3107,3113,3117,3123,3128,3134,3136,3138,3138,3137,3135,3131,3125,3116,3113,3115,3122,3125,3129,3135,3138,3140,3143,3146,3150,3154,3154,3153,3153,3147,3139,3135,3132,3131,3130,3128,3126,3126,3129,3133,3138,3145,3154,3162,3166,3169,3171,3173,3174,3175,3175,3175,3176,3178,3181,3186,3191,3194,3199,3208,3216,3221,3226,3231,3239,3245,3251,3257,3265,3272,3277,3283,3290,3299,3307,3315,3326,3338,3349,3357,3365,3374,3378,3381,3385,3388,3391,3394,3393,3390,3382,3372,3365,3364,3363,3359,3354,3350,3345,3341,3337,3333,3330,3329,3330,3333,3337,3343,3352,3362,3375,3380,3385,3391,3398,3404,3407,3410,3415,3419,3422,3427,3434,3439,3442,3446,3453,3458,3459,3465,3472,3480,3493,3504,3519,3526,3533,3543,3551,3565,3574,3582,3595,3610,3621,3625,3627,3626,3624,3618,3615,3613,3612,3617,3620,3623,3626,3632,3636,3640,3636,3618,3601,3585,3574,3559,3553,3555,3557,3555,3549,3541,3532,3525,3520,3514,3512,3510,3506,3498,3490,3480,3464,3446,3430,3416,3404,3396,3396,3398,3403,3416,3423,3428,3438,3453,3468,3477,3479,3482,3488,3508,3527,3544,3560,3579
3011,3013,3015,3015,3021,3028,3032,3037,3042,3044,3045,3046,3047,3047,3043,3037,3033,3026,3019,3014,3008,3006,3010,3013,3015,3017,3021,3026,3033,3041,3048,3055,3058,3061,3063,3065,3066,3066,3063,3058,3054,3053,3054,3056,3058,3066,3077,3085,3093,3101,3110,3116,3120,3124,3128,3132,3134,3135,3137,3136,3132,3127,3121,3113,3109,3112,3115,3118,3123,3129,3134,3137,3139,3144,3148,3151,3151,3150,3148,3141,3132,3128,3125,3122,3121,3121,3122,3128,3135,3140,3145,3152,3160,3165,3167,3167,3167,3170,3171,3171,3171,3171,3173,3176,3179,3184,3189,3194,3202,3209,3215,3219,3224,3228,3235,3240,3247,3254,3260,3267,3273,3279,3288,3298,3307,3315,3326,3341,3354,3360,3366,3374,3379,3382,3387,3389,3388,3386,3385,3382,3374,3364,3358,3356,3355,3351,3346,3341,3336,3332,3329,3327,3325,3325,3328,3333,3339,3346,3355,3366,3375,3383,3390,3396,3401,3405,3410,3414,3419,3422,3425,3431,3436,3440,3443,3447,3453,3456,3463,3472,3483,3497,3507,3516,3527,3536,3545,3555,3560,3568,3576,3585,3597,3608,3616,3619,3618,3615,3612,3610,3608,3607,3606,3610,3616,3618,3622,3627,3630,3633,3632,3618,3604,3590,3577,3564,3557,3558,3558,3554,3546,3537,3529,3525,3520,3513,3506,3503,3499,3492,3484,3476,3463,3444,3425,3414,3403,3393,3392,3397,3403,3411,3417,3425,3435,3450,3462,3470,3474,3478,3486,3500,3521,3538,3555,3576
3009,3012,3014,3015,3020,3025,3030,3036,3042,3044,3045,3046,3045,3043,3040,3034,3029,3020,3013,3009,3006,3004,3010,3014,3016,3019,3024,3030,3036,3044,3050,3055,3058,3061,3060,3062,3062,3058,3054,3050,3048,3048,3051,3055,3061,3071,3082,3089,3096,3103,3110,3116,3120,3124,3126,3129,3130,3131,3132,3133,3130,3124,3117,3111,3107,3108,3111,3116,3120,3125,3129,3133,3137,3141,3144,3146,3148,3146,3141,3134,3127,3122,3118,3116,3114,3115,3121,3130,3139,3147,3153,3160,3165,3167,3166,3166,3165,3166,3167,3167,3167,3168,3170,3174,3179,3184,3190,3195,3203,3209,3212,3216,3220,3224,3230,3235,3242,3249,3256,3263,3271,3278,3286,3296,3307,3316,3326,3340,3353,3361,3365,3372,3378,3383,3387,3388,3385,3380,3377,3372,3366,3358,3352,3349,3345,3339,3335,3330,3325,3324,3321,3320,3320,3322,3326,3333,3341,3348,3359,3369,3379,3388,3396,3401,3403,3408,3412,3416,3419,3423,3427,3432,3435,3438,3441,3447,3452,3459,3468,3480,3496,3509,3516,3525,3535,3545,3558,3564,3563,3567,3578,3584,3594,3605,3612,3612,3608,3604,3601,3598,3599,3600,3600,3604,3610,3612,3614,3620,3624,3627,3626,3619,3608,3595,3580,3569,3562,3561,3560,3554,3542,3533,3526,3523,3519,3510,3502,3498,3495,3488,3480,3472,3458,3439,3424,3414,3401,3391,3390,3394,3400,3408,3413,3420,3430,3445,3459,3469,3473,3475,3483,3495,3511,3532,3556,3581
3008,3010,3014,3018,3022,3024,3028,3036,3042,3044,3044,3044,3043,3039,3034,3029,3023,3016,3009,3006,3004,3006,3009,3012,3014,3017,3025,3033,3039,3046,3052,3056,3057,3058,3059,3059,3054,3048,3044,3043,3044,3047,3051,3057,3062,3071,3084,3091,3096,3103,3111,3115,3119,3123,3126,3129,3129,3127,3127,3127,3124,3119,3114,3110,3106,3105,3108,3113,3116,3119,3126,3130,3134,3139,3140,3142,3145,3142,3136,3129,3120,3116,3113,3112,3113,3117,3126,3135,3144,3152,3159,3165,3167,3165,3163,3162,3161,3163,3163,3164,3165,3167,3170,3174,3180,3185,3190,3196,3203,3207,3209,3211,3215,3219,3225,3231,3237,3244,3252,3261,3269,3276,3283,3296,3308,3316,3327,3341,3353,3360,3365,3371,3377,3382,3385,3384,3380,3374,3368,3361,3357,3352,3347,3340,3335,3329,3324,3320,3317,3316,3316,3316,3318,3322,3328,3337,3345,3354,3363,3372,3382,3391,3398,3403,3407,3409,3412,3414,3417,3420,3425,3430,3433,3437,3441,3448,3456,3467,3481,3496,3510,3523,3533,3542,3547,3552,3560,3566,3567,3571,3588,3590,3591,3598,3603,3600,3597,3593,3589,3588,3591,3594,3594,3594,3601,3604,3606,3613,3620,3622,3620,3616,3610,3598,3582,3567,3562,3559,3557,3552,3541,3532,3525,3521,3516,3508,3502,3497,3492,3486,3478,3468,3454,3438,3424,3413,3402,3389,3385,3390,3396,3403,3408,3415,3422,3435,3451,3464,3470,3474,3479,3491,3509,3531,3553,3572
3006,3008,3012,3017,3022,3024,3028,3033,3038,3042,3043,3042,3040,3034,3030,3025,3018,3011,3005,3002,3004,3006,3008,3009,3013,3019,3027,3037,3043,3049,3054,3056,3055,3054,3053,3050,3045,3041,3039,3041,3046,3051,3056,3061,3066,3074,3084,3092,3098,3104,3111,3116,3118,3121,3124,3128,3127,3124,3122,3120,3116,3111,3108,3104,3102,3103,3105,3109,3113,3116,3123,3128,3132,3136,3138,3141,3143,3139,3132,3124,3114,3110,3110,3112,3118,3125,3133,3141,3149,3155,3161,3165,3165,3161,3157,3156,3157,3159,3159,3161,3164,3168,3172,3176,3181,3187,3192,3199,3203,3204,3205,3206,3209,3213,3220,3226,3233,3240,3251,3260,3267,3273,3283,3295,3305,3315,3329,3341,3351,3360,3365,3369,3374,3379,3381,3378,3373,3366,3359,3353,3349,3344,3338,3331,3325,3320,3316,3312,3312,3312,3312,3314,3318,3325,3334,3345,3355,3362,3369,3375,3384,3392,3397,3400,3404,3407,3410,3413,3416,3420,3425,3428,3433,3439,3444,3452,3463,3478,3497,3511,3522,3537,3548,3554,3557,3558,3565,3571,3572,3577,3589,3591,3590,3593,3594,3591,3587,3583,3578,3578,3583,3586,3586,3584,3586,3592,3597,3608,3615,3615,3611,3608,3606,3598,3585,3571,3561,3556,3554,3548,3539,3531,3522,3517,3511,3505,3499,3494,3490,3484,3476,3466,3452,3436,3423,3410,3400,3388,3383,3387,3390,3395,3404,3412,3418,3429,3444,3458,3466,3470,3475,3486,3505,3526,3550,3571
3005,3006,3009,3012,3017,3021,3026,3030,3035,3039,3039,3039,3037,3030,3026,3022,3017,3008,3002,3001,3002,3004,3006,3009,3013,3022,3031,3039,3044,3048,3051,3053,3051,3049,3045,3041,3039,3037,3038,3044,3053,3059,3064,3070,3074,3079,3086,3095,3101,3105,3111,3115,3118,3120,3124,3126,3124,3120,3115,3112,3107,3104,3101,3097,3095,3097,3102,3107,3110,3114,3121,3127,3130,3135,3138,3140,3141,3137,3130,3120,3110,3106,3108,3114,3123,3129,3137,3145,3151,3156,3161,3163,3162,3157,3153,3152,3152,3153,3155,3157,3162,3167,3173,3178,3183,3188,3193,3198,3201,3202,3202,3203,3206,3210,3217,3223,3229,3236,3247,3256,3263,3272,3284,3293,3304,3318,3331,3342,3351,3359,3365,3368,3371,3375,3375,3370,3363,3357,3352,3345,3340,3335,3328,3320,3316,3313,3309,3306,3307,3307,3308,3312,3320,3328,3338,3352,3364,3370,3376,3381,3388,3393,3395,3398,3400,3403,3408,3413,3419,3424,3429,3431,3435,3443,3450,3463,3478,3499,3514,3522,3532,3545,3553,3557,3558,3560,3567,3570,3572,3578,3586,3588,3589,3590,3586,3582,3577,3572,3568,3569,3572,3576,3576,3574,3577,3582,3589,3600,3607,3607,3603,3600,3599,3594,3586,3574,3562,3554,3551,3546,3538,3530,3521,3514,3506,3501,3495,3492,3488,3481,3472,3462,3450,3434,3422,3409,3398,3386,3381,3384,3386,3390,3400,3410,3420,3432,3442,3451,3459,3465,3472,3480,3494,3515,3543,3566
