3037,3035,3035,3035,3037,3039,3042,3046,3050,3052,3056,3061,3063,3063,3063,3066,3067,3066,3066,3068,3073,3073,3075,3079,3080,3080,3083,3088,3091,3090,3093,3097,3104,3110,3115,3120,3124,3128,3130,3133,3137,3143,3147,3151,3154,3158,3162,3164,3166,3167,3169,3169,3167,3168,3170,3170,3172,3175,3175,3176,3179,3181,3184,3184,3183,3185,3188,3190,3191,3194,3197,3200,3202,3202,3205,3210,3211,3213,3215,3218,3222,3226,3231,3235,3240,3239,3235,3242,3252,3260,3263,3267,3271,3275,3277,3280,3289,3293,3300,3313,3329,3341,3349,3355,3358,3365,3372,3377,3384,3393,3398,3404,3413,3425,3433,3443,3455,3469,3475,3475,3467,3459,3452,3437,3432,3431,3438,3440,3439,3434,3422,3412,3403,3391,3379,3370,3365,3361,3356,3353,3350,3346,3346,3346,3350,3356,3359,3365,3371,3379,3388,3400,3410,3419,3425,3434,3442,3449,3460,3474,3492,3506,3518,3529,3539,3547,3556,3563,3572,3578,3581,3583,3586,3586,3584,3584,3587,3590,3592,3593,3596,3602,3612,3626,3638,3642,3643,3644,3647,3652,3656,3660,3669,3678,3687,3693,3699,3706,3713,3718,3725,3730,3735,3746,3752,3760,3771,3778,3788,3798,3807,3817,3830,3844,3857,3872,3880,3890,3905,3922,3936,3947,3963,3981,3991,4003,4021,4038,4053,4067,4081,4096,4108,4115,4114,4107,4091,4068,4047,4036,4017,3999,3987,3977,3966,3958,3949,3939,3927,3917,3909,3901,3892,3884,3878,3875
3029,3029,3030,3035,3038,3041,3046,3054,3059,3063,3068,3073,3077,3077,3077,3077,3075,3075,3076,3079,3082,3081,3083,3088,3089,3090,3092,3094,3094,3092,3095,3099,3107,3113,3118,3122,3125,3126,3126,3127,3129,3134,3139,3143,3146,3149,3151,3153,3155,3158,3162,3162,3161,3164,3170,3172,3174,3178,3179,3181,3182,3182,3184,3185,3185,3187,3193,3196,3195,3195,3199,3204,3208,3210,3215,3219,3221,3224,3230,3233,3239,3245,3248,3251,3253,3250,3250,3261,3274,3283,3285,3287,3286,3286,3290,3296,3305,3311,3319,3333,3348,3359,3369,3375,3378,3384,3390,3396,3403,3410,3415,3420,3427,3437,3445,3457,3469,3483,3493,3495,3490,3482,3475,3464,3456,3453,3459,3457,3452,3445,3436,3426,3417,3405,3391,3381,3373,3369,3363,3360,3356,3352,3349,3347,3349,3354,3357,3361,3365,3373,3383,3394,3404,3413,3420,3428,3438,3447,3458,3472,3490,3505,3517,3527,3540,3548,3556,3562,3572,3579,3582,3583,3585,3586,3585,3586,3590,3594,3594,3596,3600,3605,3615,3628,3637,3642,3645,3647,3649,3653,3654,3659,3667,3675,3683,3690,3694,3699,3705,3710,3716,3722,3729,3740,3748,3756,3765,3773,3785,3798,3808,3818,3832,3844,3857,3872,3884,3896,3909,3923,3936,3948,3962,3982,3993,4007,4023,4039,4055,4073,4088,4101,4114,4123,4124,4117,4102,4083,4067,4056,4037,4014,3997,3986,3974,3966,3959,3948,3933,3925,3916,3905,3894,3884,3877,3872
3027,3029,3031,3038,3042,3047,3055,3063,3069,3074,3078,3082,3088,3091,3091,3088,3083,3085,3089,3092,3094,3093,3095,3100,3106,3108,3107,3106,3106,3104,3106,3109,3114,3120,3125,3129,3130,3127,3126,3127,3127,3131,3136,3139,3141,3144,3146,3148,3151,3156,3159,3160,3162,3166,3174,3178,3180,3183,3185,3188,3187,3185,3187,3189,3188,3191,3198,3202,3202,3202,3205,3212,3218,3222,3227,3229,3233,3240,3248,3253,3256,3262,3265,3267,3268,3268,3271,3281,3294,3300,3303,3305,3301,3299,3303,3309,3317,3324,3333,3348,3362,3372,3384,3390,3392,3399,3404,3411,3419,3427,3433,3437,3444,3454,3462,3476,3486,3498,3508,3511,3509,3503,3497,3492,3482,3475,3474,3467,3462,3455,3448,3439,3430,3419,3404,3394,3386,3380,3371,3365,3361,3358,3353,3351,3351,3353,3356,3359,3362,3369,3378,3388,3396,3405,3413,3424,3435,3445,3456,3470,3486,3502,3513,3524,3539,3547,3554,3559,3569,3578,3580,3581,3585,3586,3586,3588,3592,3594,3594,3598,3604,3608,3617,3628,3635,3642,3647,3649,3652,3655,3656,3660,3666,3671,3678,3685,3690,3692,3696,3701,3707,3713,3720,3731,3741,3751,3760,3769,3783,3796,3807,3819,3834,3846,3857,3872,3886,3899,3910,3924,3936,3948,3962,3984,3997,4011,4028,4043,4059,4076,4092,4104,4118,4129,4133,4129,4117,4102,4085,4069,4049,4031,4016,4004,3990,3978,3970,3961,3947,3939,3928,3914,3902,3890,3879,3872
3028,3033,3038,3044,3049,3055,3063,3070,3075,3082,3087,3090,3096,3101,3104,3100,3095,3098,3101,3103,3106,3107,3110,3115,3125,3127,3122,3121,3122,3120,3119,3120,3122,3124,3130,3135,3136,3133,3131,3132,3134,3136,3140,3141,3142,3145,3149,3150,3154,3159,3160,3161,3165,3170,3176,3179,3182,3185,3188,3191,3191,3190,3191,3194,3194,3196,3203,3207,3210,3212,3215,3220,3227,3232,3236,3240,3246,3253,3260,3265,3266,3272,3275,3278,3282,3287,3291,3298,3307,3311,3314,3315,3312,3311,3315,3320,3326,3333,3343,3358,3373,3383,3395,3403,3403,3410,3418,3426,3436,3444,3450,3454,3460,3469,3479,3493,3503,3511,3517,3520,3522,3519,3516,3513,3506,3496,3487,3477,3470,3462,3455,3449,3440,3430,3416,3409,3400,3390,3378,3370,3365,3364,3359,3357,3355,3354,3356,3358,3360,3364,3373,3382,3388,3397,3405,3419,3431,3441,3453,3467,3482,3496,3507,3519,3533,3543,3549,3554,3563,3572,3576,3580,3585,3588,3588,3590,3593,3593,3593,3597,3602,3605,3613,3625,3634,3643,3648,3650,3653,3657,3658,3661,3665,3667,3671,3677,3684,3686,3689,3694,3699,3705,3713,3721,3734,3746,3756,3766,3779,3793,3805,3818,3832,3846,3858,3871,3885,3898,3909,3925,3937,3949,3963,3985,3999,4012,4031,4047,4060,4077,4094,4108,4122,4132,4137,4137,4132,4121,4102,4081,4060,4049,4040,4029,4011,3993,3982,3971,3961,3953,3942,3927,3914,3902,3890,3878
3031,3039,3045,3053,3058,3064,3070,3074,3079,3086,3092,3097,3103,3109,3113,3111,3108,3113,3115,3113,3117,3120,3124,3130,3141,3141,3136,3135,3137,3135,3132,3132,3132,3130,3132,3137,3141,3141,3141,3143,3147,3147,3147,3149,3150,3153,3157,3157,3162,3164,3163,3162,3166,3172,3176,3179,3181,3184,3188,3191,3193,3195,3197,3200,3201,3204,3210,3212,3217,3224,3228,3231,3236,3241,3245,3251,3257,3260,3266,3270,3272,3277,3282,3286,3294,3303,3308,3315,3319,3322,3321,3320,3317,3316,3321,3324,3331,3340,3351,3367,3383,3395,3405,3413,3415,3421,3434,3445,3453,3458,3464,3470,3477,3483,3494,3507,3516,3521,3525,3531,3535,3533,3531,3529,3525,3515,3502,3490,3479,3469,3458,3454,3446,3436,3427,3422,3411,3396,3382,3376,3371,3370,3366,3365,3361,3358,3359,3357,3357,3359,3367,3376,3383,3392,3400,3414,3424,3434,3447,3461,3475,3489,3500,3512,3526,3537,3543,3549,3558,3567,3573,3579,3584,3588,3590,3592,3595,3595,3594,3596,3598,3601,3610,3622,3633,3641,3646,3648,3652,3655,3656,3660,3663,3663,3665,3670,3677,3680,3683,3688,3693,3698,3707,3715,3727,3741,3752,3762,3773,3786,3800,3812,3826,3841,3856,3868,3881,3895,3908,3925,3938,3952,3966,3983,3997,4013,4033,4049,4061,4077,4094,4109,4123,4133,4141,4143,4145,4138,4121,4101,4082,4068,4056,4045,4030,4012,3999,3984,3972,3965,3955,3940,3925,3914,3904,3890
3042,3047,3054,3064,3072,3076,3079,3082,3085,3091,3096,3103,3111,3116,3121,3122,3123,3129,3130,3127,3128,3132,3135,3141,3150,3153,3151,3152,3152,3149,3149,3148,3147,3142,3140,3142,3148,3152,3151,3155,3158,3158,3159,3161,3162,3165,3168,3170,3173,3172,3167,3165,3170,3175,3178,3179,3181,3184,3189,3192,3195,3199,3202,3205,3208,3212,3217,3220,3227,3237,3241,3245,3249,3254,3257,3261,3265,3268,3274,3276,3279,3285,3292,3296,3304,3314,3320,3326,3330,3330,3328,3323,3319,3320,3324,3327,3336,3347,3360,3375,3392,3405,3415,3422,3427,3435,3450,3460,3467,3471,3478,3484,3491,3499,3509,3522,3529,3534,3540,3547,3549,3547,3544,3542,3538,3528,3516,3503,3491,3478,3467,3461,3455,3444,3431,3428,3418,3400,3387,3382,3380,3378,3375,3372,3370,3365,3362,3359,3358,3359,3364,3372,3380,3389,3397,3406,3416,3425,3438,3452,3467,3481,3492,3504,3521,3532,3539,3546,3555,3562,3570,3575,3581,3587,3591,3593,3595,3596,3597,3597,3598,3602,3611,3620,3629,3636,3640,3643,3646,3649,3650,3655,3658,3659,3661,3664,3668,3670,3675,3681,3686,3691,3701,3711,3720,3733,3747,3757,3769,3780,3793,3805,3820,3836,3850,3862,3876,3892,3907,3922,3937,3951,3964,3980,3997,4015,4034,4049,4061,4078,4094,4107,4121,4134,4145,4151,4154,4149,4136,4122,4107,4088,4068,4056,4045,4031,4016,4000,3987,3978,3966,3953,3939,3927,3916,3904
3059,3061,3067,3077,3085,3088,3091,3093,3095,3100,3106,3113,3121,3126,3132,3136,3140,3146,3146,3143,3141,3143,3147,3151,3159,3165,3167,3170,3169,3166,3167,3167,3165,3162,3158,3158,3161,3165,3165,3166,3169,3169,3170,3174,3175,3179,3182,3185,3185,3182,3176,3174,3178,3182,3184,3185,3187,3191,3193,3193,3197,3201,3206,3208,3213,3218,3225,3231,3239,3248,3253,3257,3264,3268,3270,3274,3278,3282,3285,3286,3289,3296,3304,3308,3313,3322,3328,3333,3336,3334,3332,3327,3324,3325,3328,3331,3342,3355,3367,3381,3397,3412,3423,3432,3439,3447,3458,3469,3475,3483,3493,3497,3501,3515,3527,3538,3546,3550,3555,3558,3560,3558,3553,3550,3547,3537,3525,3514,3501,3491,3479,3473,3464,3452,3436,3432,3422,3405,3395,3391,3388,3386,3382,3378,3376,3372,3368,3363,3361,3363,3365,3369,3377,3385,3391,3398,3407,3416,3427,3441,3458,3471,3483,3496,3514,3526,3534,3542,3550,3558,3567,3574,3581,3588,3591,3592,3592,3595,3597,3599,3601,3604,3609,3617,3624,3630,3635,3637,3638,3641,3644,3647,3651,3653,3656,3657,3658,3659,3665,3671,3678,3685,3696,3708,3717,3726,3741,3753,3765,3777,3788,3800,3814,3831,3844,3858,3872,3889,3905,3920,3933,3948,3962,3980,3999,4017,4032,4046,4062,4080,4094,4108,4123,4135,4145,4153,4156,4151,4143,4136,4121,4104,4085,4070,4058,4047,4034,4017,4004,3992,3979,3968,3955,3939,3929,3918
3078,3082,3085,3092,3095,3097,3102,3106,3108,3114,3121,3128,3134,3140,3145,3149,3153,3156,3158,3155,3152,3154,3159,3163,3172,3179,3185,3187,3184,3181,3181,3185,3185,3183,3182,3182,3181,3182,3184,3181,3180,3182,3184,3187,3192,3198,3198,3197,3195,3192,3188,3188,3191,3193,3195,3196,3198,3202,3200,3198,3199,3203,3207,3213,3219,3225,3232,3241,3248,3255,3262,3269,3277,3284,3286,3287,3293,3299,3299,3300,3305,3311,3319,3322,3324,3332,3338,3342,3341,3337,3335,3331,3327,3328,3331,3337,3349,3363,3375,3386,3402,3417,3427,3437,3447,3455,3463,3475,3483,3497,3508,3511,3514,3528,3539,3551,3561,3565,3565,3567,3568,3566,3562,3558,3554,3546,3532,3524,3514,3505,3492,3484,3472,3461,3446,3438,3429,3414,3404,3401,3397,3393,3386,3381,3378,3375,3371,3366,3364,3365,3365,3368,3373,3379,3383,3391,3401,3409,3419,3433,3449,3462,3473,3487,3504,3516,3525,3535,3546,3556,3566,3574,3583,3588,3589,3588,3589,3592,3595,3598,3601,3601,3604,3613,3619,3626,3629,3630,3632,3635,3637,3639,3643,3645,3646,3647,3648,3650,3655,3664,3672,3682,3692,3705,3714,3722,3735,3746,3758,3770,3785,3797,3810,3824,3837,3854,3869,3885,3902,3918,3929,3944,3961,3980,3999,4016,4029,4044,4061,4080,4094,4108,4123,4136,4143,4151,4157,4154,4151,4144,4132,4120,4106,4088,4072,4063,4054,4040,4020,4005,3995,3984,3968,3950,3940,3929
3092,3098,3102,3105,3105,3106,3112,3116,3121,3128,3135,3138,3143,3150,3158,3166,3168,3167,3166,3164,3162,3165,3170,3177,3190,3197,3201,3203,3198,3193,3195,3199,3203,3205,3206,3206,3204,3204,3202,3199,3199,3200,3203,3206,3210,3214,3212,3209,3205,3203,3203,3203,3205,3207,3209,3211,3212,3212,3210,3208,3206,3207,3210,3217,3225,3231,3239,3248,3253,3261,3273,3282,3288,3295,3298,3299,3303,3308,3311,3317,3325,3329,3336,3338,3341,3346,3351,3351,3346,3340,3336,3333,3329,3329,3336,3346,3359,3370,3382,3392,3406,3421,3430,3440,3454,3464,3474,3485,3496,3511,3520,3526,3532,3541,3550,3564,3576,3578,3574,3575,3575,3574,3572,3568,3563,3554,3542,3534,3529,3519,3505,3493,3481,3473,3461,3448,3437,3425,3414,3409,3406,3399,3390,3384,3378,3376,3372,3369,3367,3365,3364,3366,3371,3375,3378,3386,3395,3402,3411,3425,3440,3452,3464,3478,3495,3507,3520,3533,3547,3555,3565,3573,3581,3585,3586,3586,3587,3590,3592,3594,3599,3599,3600,3604,3610,3618,3621,3623,3625,3629,3630,3632,3634,3635,3636,3638,3640,3644,3648,3657,3666,3677,3687,3700,3709,3718,3730,3738,3748,3762,3778,3791,3805,3818,3829,3848,3864,3878,3895,3913,3925,3940,3957,3978,3995,4010,4025,4041,4059,4077,4093,4107,4122,4136,4144,4152,4161,4162,4158,4152,4142,4135,4123,4106,4088,4079,4072,4058,4039,4022,4012,4002,3982,3962,3950,3939
3102,3107,3112,3116,3119,3118,3122,3125,3131,3138,3144,3146,3149,3159,3168,3175,3176,3175,3177,3178,3175,3176,3180,3189,3203,3209,3212,3214,3211,3206,3207,3212,3218,3223,3227,3229,3228,3223,3216,3215,3218,3219,3221,3222,3225,3229,3229,3226,3221,3219,3221,3222,3225,3227,3226,3228,3226,3223,3221,3220,3217,3213,3215,3223,3231,3238,3247,3256,3262,3273,3286,3295,3300,3306,3310,3311,3314,3317,3322,3332,3339,3342,3346,3353,3358,3360,3361,3358,3351,3343,3337,3335,3330,3332,3344,3357,3367,3378,3389,3398,3411,3426,3435,3446,3464,3478,3491,3499,3508,3521,3531,3540,3546,3555,3566,3577,3587,3587,3585,3585,3585,3583,3582,3579,3572,3561,3554,3547,3539,3528,3513,3503,3494,3484,3472,3458,3446,3431,3420,3414,3410,3403,3395,3388,3381,3377,3375,3372,3370,3366,3363,3365,3369,3373,3378,3384,3389,3396,3404,3416,3431,3444,3456,3471,3488,3502,3519,3534,3546,3556,3566,3574,3580,3583,3584,3584,3587,3591,3591,3592,3597,3593,3593,3597,3600,3607,3610,3612,3616,3620,3621,3623,3626,3627,3629,3631,3635,3640,3644,3651,3662,3672,3682,3693,3704,3714,3725,3732,3740,3753,3769,3783,3798,3811,3823,3840,3857,3872,3890,3908,3921,3936,3954,3973,3986,4000,4019,4037,4057,4077,4092,4106,4121,4135,4145,4155,4162,4164,4163,4158,4149,4139,4128,4115,4101,4094,4087,4073,4056,4042,4030,4016,3999,3978,3962,3950
3114,3119,3124,3129,3131,3133,3136,3139,3142,3147,3152,3154,3157,3166,3174,3180,3183,3184,3186,3187,3184,3185,3190,3199,3210,3216,3219,3221,3222,3222,3222,3227,3234,3238,3242,3243,3240,3234,3232,3235,3238,3235,3235,3235,3237,3241,3244,3244,3241,3238,3238,3242,3246,3247,3244,3242,3240,3236,3232,3232,3228,3223,3224,3229,3236,3244,3254,3263,3270,3282,3296,3305,3310,3315,3319,3325,3328,3332,3337,3345,3350,3354,3360,3368,3368,3369,3369,3366,3356,3344,3339,3338,3336,3340,3353,3363,3372,3382,3394,3403,3416,3429,3439,3451,3468,3486,3501,3507,3514,3530,3538,3544,3552,3562,3574,3584,3592,3598,3598,3597,3592,3591,3591,3587,3580,3572,3566,3558,3548,3536,3521,3515,3506,3495,3479,3467,3456,3443,3431,3420,3414,3408,3401,3394,3387,3382,3380,3376,3374,3368,3363,3365,3369,3372,3377,3382,3387,3393,3399,3409,3422,3438,3450,3466,3486,3500,3513,3527,3544,3556,3565,3573,3579,3583,3583,3583,3589,3591,3587,3586,3586,3587,3588,3592,3593,3596,3599,3601,3606,3609,3611,3615,3618,3620,3625,3628,3632,3637,3642,3648,3658,3668,3677,3685,3697,3707,3718,3727,3736,3747,3761,3775,3791,3803,3815,3831,3849,3865,3883,3902,3916,3933,3951,3968,3981,3994,4014,4035,4055,4075,4091,4105,4119,4133,4145,4154,4162,4167,4169,4166,4156,4145,4135,4126,4118,4112,4104,4089,4071,4057,4044,4030,4013,3996,3979,3961
3123,3129,3135,3136,3141,3146,3150,3153,3153,3157,3163,3166,3170,3176,3182,3188,3191,3194,3195,3193,3192,3192,3197,3206,3215,3219,3223,3227,3233,3237,3242,3248,3253,3256,3256,3252,3251,3249,3249,3253,3257,3250,3248,3248,3248,3251,3254,3257,3259,3257,3257,3260,3262,3264,3259,3260,3261,3255,3249,3248,3243,3236,3236,3237,3241,3249,3261,3272,3280,3290,3304,3311,3315,3322,3330,3338,3343,3348,3353,3355,3361,3368,3377,3381,3381,3379,3376,3372,3360,3347,3341,3341,3342,3347,3358,3369,3376,3385,3396,3406,3418,3428,3437,3454,3471,3487,3502,3511,3522,3534,3538,3544,3557,3568,3577,3587,3595,3607,3612,3608,3600,3599,3599,3595,3587,3583,3576,3567,3557,3548,3538,3530,3518,3505,3487,3471,3463,3454,3443,3430,3420,3412,3406,3400,3392,3388,3385,3378,3375,3369,3365,3366,3369,3372,3375,3380,3385,3392,3399,3408,3419,3431,3444,3461,3483,3497,3507,3523,3542,3553,3562,3569,3575,3580,3581,3584,3588,3586,3580,3576,3577,3578,3582,3585,3587,3590,3590,3593,3597,3600,3602,3606,3611,3614,3621,3625,3628,3634,3642,3648,3654,3661,3669,3679,3689,3698,3709,3721,3731,3742,3754,3768,3783,3795,3809,3827,3841,3857,3878,3898,3912,3931,3950,3969,3979,3993,4012,4035,4054,4073,4091,4106,4120,4134,4146,4155,4162,4166,4170,4171,4169,4164,4157,4148,4136,4127,4119,4107,4088,4073,4061,4047,4031,4013,3998,3984
3134,3137,3139,3142,3147,3153,3159,3162,3165,3167,3170,3175,3181,3185,3191,3196,3200,3201,3201,3202,3203,3204,3208,3216,3223,3225,3229,3237,3245,3250,3256,3263,3267,3270,3270,3270,3269,3271,3272,3272,3271,3266,3262,3262,3261,3261,3262,3268,3270,3270,3273,3277,3278,3277,3277,3278,3277,3272,3270,3265,3259,3252,3248,3246,3247,3255,3270,3281,3291,3301,3308,3318,3326,3334,3344,3351,3356,3362,3365,3367,3371,3377,3384,3390,3392,3391,3387,3378,3366,3355,3349,3347,3347,3354,3365,3374,3382,3390,3400,3409,3419,3429,3436,3455,3473,3487,3502,3516,3524,3531,3535,3548,3564,3578,3587,3597,3609,3613,3615,3612,3606,3605,3607,3604,3600,3592,3587,3577,3567,3559,3552,3540,3527,3514,3495,3480,3470,3461,3452,3439,3425,3416,3410,3404,3397,3392,3386,3380,3378,3374,3368,3368,3370,3372,3374,3379,3385,3391,3400,3409,3418,3427,3439,3456,3479,3495,3508,3525,3543,3550,3557,3564,3570,3575,3578,3581,3583,3579,3573,3572,3573,3572,3573,3574,3576,3579,3580,3584,3590,3595,3597,3600,3605,3610,3616,3620,3625,3632,3642,3648,3652,3658,3666,3675,3685,3692,3705,3717,3725,3737,3750,3762,3775,3789,3806,3824,3839,3855,3872,3894,3911,3927,3949,3966,3977,3995,4018,4034,4052,4073,4090,4106,4124,4136,4146,4152,4159,4164,4171,4175,4174,4172,4168,4161,4152,4143,4134,4124,4109,4091,4077,4065,4050,4034,4017,4006
3139,3141,3143,3147,3154,3160,3163,3166,3172,3177,3177,3182,3191,3194,3197,3205,3209,3210,3210,3211,3214,3215,3218,3223,3228,3234,3238,3244,3251,3257,3261,3271,3278,3282,3288,3288,3286,3287,3287,3284,3282,3280,3277,3277,3276,3275,3275,3280,3279,3279,3285,3289,3295,3296,3292,3288,3285,3284,3284,3280,3273,3267,3260,3255,3256,3262,3274,3287,3300,3308,3316,3332,3345,3350,3353,3359,3366,3373,3377,3380,3383,3387,3393,3402,3402,3398,3393,3383,3374,3363,3357,3353,3354,3360,3369,3377,3387,3396,3404,3413,3424,3432,3444,3460,3475,3487,3502,3515,3523,3530,3542,3559,3576,3589,3599,3610,3623,3625,3615,3612,3608,3609,3610,3611,3611,3603,3592,3585,3573,3565,3555,3543,3533,3521,3506,3492,3480,3469,3458,3443,3430,3421,3414,3408,3403,3396,3387,3383,3381,3375,3371,3369,3370,3372,3375,3378,3384,3390,3399,3408,3415,3422,3435,3451,3473,3489,3505,3526,3540,3545,3551,3558,3563,3566,3566,3569,3571,3570,3569,3569,3568,3567,3566,3568,3570,3574,3577,3577,3582,3588,3592,3596,3601,3607,3612,3617,3624,3633,3641,3646,3651,3655,3664,3673,3680,3690,3704,3713,3721,3729,3743,3756,3767,3782,3799,3817,3834,3852,3869,3888,3907,3927,3943,3960,3976,3996,4016,4031,4046,4065,4087,4104,4120,4135,4145,4153,4159,4166,4170,4175,4176,4173,4171,4170,4167,4160,4148,4138,4126,4110,4096,4081,4066,4050,4036,4022
3138,3139,3143,3153,3161,3165,3168,3168,3177,3184,3185,3190,3199,3201,3203,3208,3211,3212,3216,3218,3219,3221,3223,3226,3232,3238,3243,3246,3255,3262,3269,3278,3286,3290,3294,3294,3293,3296,3298,3299,3300,3296,3292,3289,3291,3296,3297,3294,3292,3293,3295,3300,3309,3313,3309,3303,3299,3297,3299,3293,3285,3277,3270,3267,3266,3272,3286,3300,3308,3316,3331,3349,3358,3359,3368,3376,3382,3388,3392,3395,3396,3402,3407,3417,3416,3406,3396,3390,3385,3378,3370,3363,3361,3366,3373,3380,3392,3402,3409,3418,3431,3441,3449,3463,3478,3489,3501,3514,3523,3533,3547,3568,3584,3595,3608,3622,3633,3631,3622,3619,3616,3616,3617,3616,3614,3609,3601,3592,3582,3571,3559,3550,3541,3529,3517,3504,3491,3478,3464,3450,3439,3429,3421,3412,3404,3398,3392,3386,3383,3378,3370,3369,3371,3374,3376,3378,3383,3390,3396,3406,3413,3422,3436,3451,3468,3484,3502,3518,3533,3539,3545,3553,3555,3555,3558,3560,3560,3561,3562,3563,3564,3564,3561,3562,3566,3575,3576,3573,3576,3583,3589,3593,3597,3603,3609,3615,3623,3632,3636,3643,3649,3653,3661,3670,3679,3687,3698,3708,3718,3725,3737,3753,3767,3780,3794,3813,3833,3852,3867,3887,3904,3920,3937,3954,3972,3993,4012,4027,4046,4064,4082,4101,4120,4135,4145,4152,4161,4165,4169,4175,4175,4174,4173,4171,4170,4165,4155,4143,4130,4116,4105,4093,4080,4063,4049,4039
3134,3137,3143,3152,3160,3165,3167,3169,3173,3180,3185,3192,3199,3202,3204,3207,3207,3211,3215,3217,3219,3222,3226,3230,3238,3244,3248,3251,3258,3268,3273,3281,3286,3292,3296,3297,3300,3303,3306,3308,3309,3309,3307,3301,3302,3308,3307,3306,3307,3306,3307,3311,3317,3322,3324,3323,3321,3316,3310,3302,3294,3287,3279,3277,3275,3277,3289,3304,3315,3328,3342,3361,3369,3369,3380,3393,3398,3401,3405,3409,3411,3417,3421,3425,3424,3417,3405,3398,3395,3389,3380,3375,3373,3374,3380,3387,3397,3411,3419,3426,3436,3445,3450,3463,3484,3494,3501,3512,3525,3536,3547,3565,3582,3597,3615,3633,3645,3645,3638,3641,3637,3630,3632,3624,3617,3613,3609,3601,3589,3577,3565,3556,3548,3538,3527,3515,3501,3487,3471,3457,3445,3434,3426,3416,3406,3400,3395,3389,3389,3384,3373,3371,3372,3374,3376,3379,3383,3389,3396,3404,3412,3419,3433,3449,3467,3484,3500,3515,3527,3533,3538,3542,3544,3546,3549,3551,3555,3554,3554,3554,3557,3556,3554,3552,3552,3562,3567,3569,3573,3578,3583,3588,3594,3602,3608,3614,3621,3629,3636,3642,3648,3653,3660,3670,3679,3686,3693,3705,3717,3723,3738,3757,3772,3786,3804,3824,3842,3854,3868,3888,3905,3920,3936,3950,3966,3987,4009,4027,4044,4064,4083,4100,4118,4134,4145,4152,4159,4164,4170,4174,4176,4176,4173,4169,4163,4157,4150,4141,4128,4114,4102,4090,4079,4066,4054,4046
3129,3133,3140,3146,3154,3161,3163,3164,3169,3177,3185,3193,3198,3200,3203,3207,3209,3212,3215,3215,3216,3219,3226,3234,3241,3246,3250,3253,3259,3268,3276,3281,3286,3293,3296,3298,3300,3302,3305,3311,3313,3315,3314,3313,3314,3318,3316,3315,3315,3315,3320,3324,3327,3331,3337,3340,3341,3331,3321,3310,3303,3296,3288,3284,3281,3284,3296,3308,3320,3333,3350,3367,3373,3378,3390,3399,3403,3411,3421,3421,3423,3427,3430,3429,3426,3421,3413,3407,3403,3396,3385,3382,3381,3383,3387,3394,3405,3415,3426,3433,3439,3446,3453,3470,3486,3494,3504,3512,3525,3538,3550,3566,3583,3600,3616,3633,3645,3648,3650,3650,3653,3646,3638,3635,3626,3620,3614,3606,3595,3584,3572,3563,3554,3546,3533,3521,3508,3495,3480,3463,3451,3439,3430,3421,3411,3404,3398,3393,3392,3389,3378,3373,3372,3374,3377,3381,3382,3387,3397,3406,3412,3417,3428,3444,3465,3481,3495,3508,3519,3525,3529,3532,3536,3538,3539,3541,3545,3548,3549,3549,3550,3549,3548,3546,3547,3551,3559,3565,3567,3571,3577,3583,3591,3601,3609,3614,3620,3628,3636,3642,3648,3653,3660,3668,3676,3683,3692,3705,3723,3736,3750,3762,3772,3791,3814,3830,3842,3857,3872,3892,3909,3928,3940,3951,3966,3986,4008,4026,4045,4063,4084,4104,4120,4132,4142,4150,4159,4165,4173,4177,4180,4181,4178,4171,4162,4153,4146,4137,4125,4111,4096,4084,4075,4067,4055,4047
3126,3129,3134,3139,3148,3155,3158,3157,3161,3171,3181,3192,3196,3199,3201,3204,3208,3211,3213,3212,3212,3218,3225,3232,3236,3240,3244,3249,3257,3266,3273,3277,3282,3289,3293,3294,3298,3299,3303,3310,3314,3316,3319,3323,3327,3328,3327,3329,3327,3327,3333,3336,3338,3344,3350,3352,3351,3345,3334,3324,3315,3306,3297,3292,3289,3292,3302,3311,3321,3336,3352,3368,3377,3385,3397,3403,3408,3419,3429,3432,3433,3436,3437,3436,3433,3428,3421,3416,3410,3404,3396,3389,3387,3389,3396,3405,3413,3422,3431,3438,3445,3454,3468,3480,3486,3495,3507,3518,3530,3543,3557,3573,3591,3603,3616,3630,3641,3648,3651,3653,3657,3652,3642,3640,3636,3628,3618,3609,3600,3593,3580,3570,3560,3550,3535,3524,3514,3501,3488,3473,3458,3447,3435,3426,3418,3410,3403,3398,3394,3388,3381,3376,3374,3374,3378,3382,3384,3389,3397,3406,3412,3418,3426,3441,3458,3475,3490,3502,3511,3516,3520,3524,3526,3529,3531,3533,3537,3539,3542,3544,3545,3546,3546,3546,3545,3546,3550,3555,3560,3566,3574,3582,3591,3601,3607,3613,3620,3628,3637,3643,3648,3652,3659,3666,3675,3683,3694,3715,3733,3748,3761,3771,3788,3807,3821,3828,3844,3861,3874,3892,3908,3922,3936,3954,3972,3990,4008,4026,4044,4063,4085,4105,4121,4131,4141,4151,4158,4166,4173,4177,4180,4180,4180,4175,4162,4151,4143,4131,4121,4107,4092,4080,4071,4063,4054,4045
3120,3124,3128,3131,3139,3147,3152,3151,3154,3163,3175,3184,3189,3193,3196,3199,3204,3206,3207,3207,3208,3214,3221,3227,3230,3233,3238,3247,3257,3265,3270,3273,3276,3282,3286,3288,3292,3295,3299,3306,3313,3317,3324,3330,3334,3337,3339,3344,3343,3342,3343,3347,3351,3358,3363,3361,3359,3353,3344,3337,3327,3316,3304,3300,3298,3300,3308,3317,3327,3338,3352,3366,3379,3390,3401,3409,3415,3426,3437,3441,3446,3448,3446,3444,3441,3434,3428,3424,3420,3413,3405,3397,3395,3400,3408,3416,3426,3433,3441,3450,3458,3469,3478,3485,3490,3499,3512,3526,3539,3552,3564,3579,3594,3609,3620,3633,3643,3650,3652,3653,3656,3653,3644,3641,3637,3629,3620,3613,3606,3601,3587,3574,3566,3557,3541,3530,3521,3506,3493,3482,3468,3456,3441,3431,3423,3416,3410,3404,3398,3393,3390,3385,3381,3378,3379,3382,3385,3389,3396,3406,3414,3421,3430,3440,3457,3473,3486,3497,3505,3508,3512,3516,3519,3521,3524,3527,3530,3533,3535,3537,3540,3543,3543,3543,3543,3544,3547,3553,3559,3565,3573,3582,3590,3598,3605,3612,3621,3632,3637,3641,3647,3653,3661,3667,3676,3685,3695,3715,3736,3757,3774,3786,3799,3811,3829,3840,3853,3864,3877,3895,3911,3924,3937,3957,3977,3992,4009,4028,4046,4064,4082,4099,4115,4127,4137,4146,4153,4161,4168,4174,4178,4179,4179,4177,4164,4153,4142,4129,4117,4103,4089,4077,4068,4059,4051,4041
3117,3122,3123,3126,3130,3138,3144,3147,3151,3159,3171,3178,3181,3184,3188,3192,3197,3200,3200,3200,3201,3207,3213,3219,3224,3228,3236,3245,3253,3260,3264,3268,3270,3275,3279,3284,3289,3294,3298,3305,3313,3319,3325,3331,3335,3341,3348,3352,3355,3354,3353,3358,3365,3370,3374,3371,3366,3361,3355,3348,3338,3326,3316,3311,3311,3311,3315,3323,3334,3344,3355,3368,3383,3393,3403,3413,3422,3433,3442,3449,3454,3455,3453,3452,3448,3441,3434,3431,3427,3421,3411,3404,3405,3413,3419,3424,3431,3442,3454,3463,3470,3475,3482,3489,3499,3506,3516,3530,3545,3559,3571,3582,3594,3610,3625,3637,3647,3653,3651,3650,3654,3652,3647,3642,3638,3631,3622,3616,3610,3605,3592,3579,3571,3563,3547,3535,3526,3511,3499,3489,3477,3466,3449,3438,3430,3421,3413,3407,3403,3400,3398,3392,3384,3379,3379,3382,3386,3392,3397,3406,3414,3424,3433,3444,3458,3472,3485,3492,3498,3502,3504,3508,3512,3514,3516,3518,3523,3526,3526,3527,3533,3539,3539,3539,3539,3543,3548,3553,3559,3565,3573,3581,3588,3596,3604,3612,3620,3629,3636,3641,3648,3655,3663,3670,3678,3686,3693,3713,3734,3754,3774,3790,3799,3810,3826,3840,3857,3866,3879,3897,3912,3924,3939,3958,3975,3995,4009,4025,4048,4064,4077,4091,4107,4120,4131,4140,4149,4157,4164,4172,4177,4177,4176,4172,4163,4151,4140,4128,4115,4101,4088,4076,4067,4058,4049,4041
3123,3125,3124,3125,3128,3133,3137,3141,3147,3156,3168,3173,3175,3179,3184,3187,3191,3194,3195,3193,3195,3199,3204,3211,3219,3225,3232,3241,3247,3252,3256,3260,3263,3269,3274,3280,3287,3292,3298,3305,3314,3318,3321,3327,3332,3338,3345,3351,3358,3361,3363,3368,3375,3381,3383,3381,3377,3370,3363,3355,3347,3338,3330,3323,3321,3321,3322,3329,3339,3347,3355,3369,3384,3395,3405,3416,3425,3434,3442,3450,3456,3459,3460,3460,3456,3450,3444,3437,3433,3428,3417,3412,3417,3422,3425,3426,3437,3453,3467,3473,3476,3479,3485,3496,3510,3514,3521,3534,3551,3567,3577,3587,3599,3615,3628,3640,3648,3655,3654,3656,3658,3652,3648,3644,3639,3634,3625,3619,3614,3607,3595,3583,3574,3565,3552,3541,3530,3517,3504,3497,3487,3474,3459,3446,3436,3425,3417,3411,3408,3406,3404,3397,3387,3381,3380,3384,3389,3395,3401,3408,3416,3425,3435,3446,3457,3469,3481,3486,3491,3493,3495,3500,3505,3506,3507,3510,3516,3518,3519,3520,3524,3530,3533,3534,3535,3541,3547,3553,3560,3568,3574,3583,3590,3597,3604,3611,3620,3628,3636,3641,3648,3656,3666,3674,3682,3689,3697,3711,3729,3746,3764,3782,3796,3808,3819,3833,3851,3864,3875,3890,3906,3919,3934,3954,3970,3988,4005,4019,4041,4061,4075,4087,4103,4115,4126,4135,4144,4152,4160,4170,4175,4174,4172,4168,4161,4148,4137,4128,4112,4098,4085,4074,4065,4054,4047,4042
3133,3134,3131,3130,3132,3133,3134,3138,3144,3153,3162,3168,3171,3176,3182,3184,3187,3190,3190,3188,3190,3194,3199,3205,3213,3221,3229,3237,3242,3244,3247,3250,3255,3263,3269,3275,3283,3291,3297,3304,3312,3315,3316,3320,3328,3334,3340,3348,3357,3364,3368,3373,3381,3387,3392,3393,3390,3382,3371,3363,3357,3351,3344,3337,3332,3330,3331,3336,3344,3352,3359,3370,3383,3396,3409,3419,3426,3433,3441,3449,3457,3462,3465,3465,3462,3458,3452,3446,3441,3435,3427,3425,3429,3429,3429,3434,3449,3462,3475,3481,3487,3487,3492,3506,3518,3524,3531,3543,3559,3575,3584,3595,3609,3622,3633,3645,3653,3663,3667,3668,3666,3655,3647,3645,3641,3637,3629,3623,3616,3609,3597,3587,3578,3568,3557,3545,3535,3523,3511,3503,3492,3479,3467,3452,3438,3428,3420,3416,3412,3410,3408,3401,3390,3384,3383,3386,3393,3399,3404,3410,3418,3426,3435,3446,3456,3467,3477,3480,3484,3485,3487,3492,3495,3496,3498,3504,3508,3508,3511,3515,3518,3523,3528,3531,3534,3542,3549,3555,3561,3569,3576,3585,3591,3598,3605,3613,3621,3629,3635,3641,3649,3658,3670,3678,3686,3695,3703,3715,3733,3748,3763,3776,3789,3803,3815,3826,3843,3858,3868,3884,3900,3915,3931,3950,3966,3984,4001,4017,4036,4055,4071,4084,4098,4110,4121,4129,4139,4147,4156,4166,4171,4172,4170,4167,4160,4148,4135,4124,4107,4095,4082,4072,4062,4050,4044,4040
3146,3146,3143,3140,3139,3138,3136,3138,3143,3150,3155,3161,3166,3173,3178,3179,3182,3183,3183,3182,3184,3190,3195,3201,3208,3216,3226,3233,3236,3237,3239,3244,3251,3260,3267,3273,3279,3287,3294,3301,3307,3309,3309,3315,3325,3333,3338,3346,3356,3364,3370,3376,3385,3392,3399,3403,3401,3394,3385,3378,3371,3366,3360,3353,3346,3341,3340,3343,3351,3359,3366,3374,3385,3398,3411,3421,3428,3435,3442,3451,3459,3463,3466,3468,3467,3463,3460,3456,3450,3447,3440,3437,3438,3437,3439,3448,3464,3472,3480,3491,3502,3501,3502,3514,3522,3531,3541,3553,3568,3583,3590,3602,3618,3629,3639,3652,3664,3675,3677,3675,3670,3660,3646,3644,3644,3640,3632,3626,3620,3613,3602,3593,3583,3572,3561,3551,3541,3530,3519,3511,3497,3482,3471,3456,3442,3429,3423,3419,3417,3413,3410,3403,3394,3389,3387,3390,3395,3401,3404,3410,3419,3427,3435,3446,3457,3467,3476,3478,3479,3480,3481,3484,3486,3488,3491,3496,3500,3502,3506,3512,3515,3519,3525,3530,3537,3546,3553,3556,3561,3569,3578,3585,3591,3599,3608,3615,3623,3630,3636,3644,3651,3659,3672,3681,3688,3696,3709,3722,3737,3752,3763,3771,3783,3801,3815,3826,3839,3854,3866,3881,3897,3911,3928,3948,3963,3981,3997,4014,4033,4050,4065,4078,4091,4103,4114,4124,4134,4143,4153,4161,4168,4169,4167,4165,4160,4148,4136,4123,4109,4096,4085,4074,4064,4053,4044,4039
3159,3159,3157,3153,3151,3146,3142,3143,3144,3147,3150,3155,3161,3166,3170,3173,3174,3175,3175,3174,3178,3185,3189,3193,3204,3211,3219,3225,3229,3231,3236,3242,3250,3258,3265,3269,3273,3281,3288,3294,3298,3301,3304,3312,3323,3331,3337,3344,3354,3363,3369,3378,3389,3396,3402,3407,3407,3404,3400,3394,3389,3382,3375,3369,3361,3353,3350,3353,3359,3365,3372,3381,3390,3400,3412,3423,3430,3438,3444,3454,3462,3464,3468,3473,3474,3474,3471,3468,3461,3456,3447,3441,3444,3446,3453,3462,3475,3483,3489,3499,3513,3513,3512,3521,3531,3539,3549,3561,3576,3589,3595,3606,3622,3634,3645,3659,3672,3682,3685,3681,3678,3668,3650,3648,3648,3643,3634,3628,3624,3618,3610,3601,3590,3579,3569,3560,3548,3536,3525,3515,3499,3483,3472,3460,3445,3433,3426,3422,3420,3417,3412,3406,3397,3394,3391,3392,3395,3400,3404,3411,3419,3428,3437,3447,3457,3467,3473,3473,3474,3475,3476,3478,3481,3485,3490,3494,3498,3501,3506,3511,3514,3520,3527,3533,3539,3548,3554,3557,3562,3571,3580,3587,3593,3601,3609,3617,3624,3630,3637,3646,3653,3661,3674,3684,3690,3697,3711,3723,3735,3748,3759,3767,3781,3799,3814,3827,3840,3854,3866,3880,3893,3906,3922,3941,3957,3973,3990,4008,4026,4042,4056,4068,4083,4095,4106,4116,4127,4137,4146,4155,4163,4166,4165,4162,4157,4149,4137,4124,4113,4102,4091,4080,4071,4062,4051,4043
3168,3170,3172,3171,3167,3158,3153,3150,3148,3149,3149,3151,3153,3156,3160,3165,3168,3167,3167,3168,3174,3179,3182,3185,3196,3203,3209,3215,3219,3224,3231,3240,3249,3256,3261,3264,3267,3273,3280,3285,3289,3294,3300,3308,3319,3329,3335,3341,3349,3359,3367,3379,3389,3396,3405,3409,3412,3412,3410,3407,3403,3395,3387,3382,3375,3367,3362,3365,3371,3375,3380,3387,3395,3402,3414,3426,3433,3440,3447,3457,3464,3468,3473,3479,3484,3488,3485,3479,3469,3462,3452,3448,3453,3458,3465,3471,3480,3490,3498,3505,3515,3522,3526,3534,3545,3550,3558,3572,3586,3596,3602,3612,3625,3640,3653,3666,3677,3685,3691,3689,3685,3675,3663,3657,3654,3648,3637,3631,3627,3623,3615,3609,3598,3587,3577,3568,3555,3541,3528,3516,3501,3485,3474,3462,3448,3437,3431,3425,3424,3422,3416,3409,3403,3399,3395,3393,3394,3399,3404,3410,3420,3428,3436,3445,3455,3464,3468,3469,3470,3472,3473,3476,3482,3488,3492,3495,3500,3504,3508,3512,3516,3525,3531,3537,3542,3548,3553,3559,3565,3573,3582,3589,3595,3603,3611,3617,3624,3630,3638,3647,3656,3663,3675,3685,3691,3699,3713,3722,3732,3743,3755,3767,3781,3795,3809,3824,3836,3849,3861,3876,3888,3902,3915,3932,3949,3964,3980,3998,4015,4032,4047,4060,4073,4085,4096,4107,4119,4130,4140,4149,4159,4163,4164,4161,4155,4149,4137,4123,4113,4106,4095,4083,4075,4068,4056,4048
3173,3179,3183,3186,3181,3172,3167,3161,3156,3153,3152,3148,3148,3150,3154,3161,3163,3162,3161,3163,3169,3173,3175,3179,3187,3193,3199,3205,3210,3218,3226,3236,3246,3251,3256,3259,3263,3268,3274,3279,3283,3289,3297,3307,3317,3327,3333,3339,3346,3356,3364,3375,3385,3394,3405,3410,3414,3417,3418,3418,3415,3407,3398,3393,3386,3381,3376,3379,3383,3386,3387,3392,3397,3406,3418,3430,3437,3443,3450,3460,3467,3473,3479,3484,3491,3495,3493,3488,3480,3472,3466,3463,3464,3469,3471,3474,3483,3494,3504,3512,3519,3529,3539,3550,3558,3563,3573,3586,3596,3605,3613,3620,3632,3649,3660,3671,3681,3687,3691,3691,3686,3678,3671,3665,3659,3653,3641,3634,3631,3628,3619,3613,3603,3591,3581,3571,3560,3546,3531,3519,3505,3489,3477,3465,3452,3441,3435,3431,3429,3425,3420,3414,3409,3404,3400,3395,3395,3397,3401,3410,3422,3430,3436,3442,3450,3457,3464,3468,3472,3473,3474,3477,3484,3491,3494,3496,3503,3510,3514,3515,3521,3529,3534,3540,3544,3548,3554,3562,3568,3575,3584,3590,3596,3605,3612,3618,3624,3630,3638,3647,3658,3666,3676,3684,3690,3699,3713,3724,3731,3741,3755,3768,3781,3792,3802,3817,3830,3841,3853,3869,3883,3897,3909,3925,3941,3955,3970,3987,4005,4025,4040,4051,4063,4073,4084,4098,4110,4121,4134,4144,4154,4160,4164,4163,4158,4151,4139,4123,4114,4110,4099,4088,4081,4071,4057,4049
3178,3184,3189,3192,3188,3182,3178,3173,3165,3159,3156,3151,3149,3151,3155,3160,3161,3160,3160,3161,3165,3169,3171,3173,3179,3186,3192,3198,3205,3213,3221,3229,3238,3245,3250,3254,3259,3265,3271,3276,3282,3289,3298,3308,3316,3324,3330,3336,3344,3356,3364,3372,3382,3392,3403,3409,3414,3420,3425,3427,3426,3419,3408,3402,3396,3392,3390,3391,3393,3393,3392,3395,3400,3410,3421,3432,3440,3448,3456,3464,3471,3477,3483,3489,3496,3498,3496,3493,3489,3485,3482,3477,3474,3476,3475,3478,3489,3500,3510,3520,3528,3537,3549,3560,3568,3574,3585,3596,3603,3612,3623,3631,3645,3659,3667,3677,3686,3691,3691,3688,3686,3678,3673,3668,3662,3657,3648,3640,3635,3632,3624,3614,3604,3595,3583,3571,3562,3550,3536,3522,3507,3492,3480,3469,3458,3446,3440,3437,3433,3427,3422,3419,3415,3409,3403,3398,3397,3398,3403,3412,3423,3430,3435,3441,3446,3452,3461,3469,3475,3477,3477,3480,3486,3492,3495,3498,3508,3515,3519,3520,3526,3534,3539,3542,3545,3551,3557,3565,3571,3578,3585,3591,3598,3607,3615,3622,3627,3633,3640,3649,3658,3667,3677,3684,3691,3701,3714,3725,3732,3742,3755,3768,3780,3790,3798,3811,3825,3836,3847,3863,3879,3892,3902,3918,3933,3946,3961,3980,3998,4015,4031,4043,4056,4067,4077,4090,4102,4114,4127,4139,4148,4156,4162,4164,4162,4155,4144,4126,4114,4111,4104,4096,4090,4076,4061,4051
3182,3187,3190,3192,3191,3189,3188,3185,3177,3169,3164,3159,3156,3156,3158,3162,3165,3164,3164,3165,3167,3168,3168,3168,3174,3181,3188,3194,3201,3210,3217,3223,3231,3239,3246,3252,3257,3265,3272,3278,3285,3293,3302,3310,3317,3322,3329,3335,3344,3357,3367,3375,3384,3392,3402,3409,3415,3421,3429,3434,3434,3429,3418,3411,3404,3401,3401,3400,3400,3398,3398,3402,3406,3414,3424,3434,3442,3451,3461,3468,3475,3483,3488,3496,3503,3503,3499,3498,3495,3494,3493,3486,3482,3485,3485,3487,3496,3506,3517,3530,3538,3544,3555,3564,3573,3579,3589,3598,3606,3617,3631,3642,3657,3669,3675,3685,3692,3696,3693,3688,3688,3684,3681,3675,3671,3665,3658,3650,3644,3638,3630,3619,3609,3601,3588,3574,3563,3553,3540,3525,3509,3494,3481,3471,3462,3454,3447,3444,3437,3430,3425,3424,3420,3413,3406,3400,3399,3401,3407,3414,3421,3427,3434,3440,3446,3453,3462,3469,3476,3480,3481,3485,3491,3497,3502,3505,3513,3520,3524,3528,3533,3541,3544,3545,3548,3555,3561,3566,3571,3578,3585,3592,3601,3610,3618,3624,3629,3636,3645,3653,3660,3670,3680,3687,3695,3705,3716,3724,3732,3741,3753,3765,3776,3787,3795,3808,3820,3830,3843,3860,3874,3885,3896,3911,3925,3938,3953,3974,3992,4004,4019,4036,4052,4063,4074,4083,4095,4107,4120,4131,4141,4150,4158,4163,4162,4158,4149,4132,4116,4110,4107,4103,4097,4084,4070,4058
3184,3188,3189,3190,3193,3195,3196,3194,3189,3180,3172,3168,3164,3162,3163,3167,3172,3174,3173,3174,3174,3172,3169,3168,3172,3179,3185,3190,3196,3206,3213,3219,3229,3237,3245,3251,3257,3267,3275,3283,3290,3297,3304,3312,3318,3323,3331,3338,3345,3357,3369,3378,3387,3393,3400,3408,3416,3421,3429,3435,3437,3434,3427,3420,3412,3411,3411,3410,3408,3405,3407,3409,3411,3419,3430,3439,3446,3454,3463,3471,3481,3489,3495,3505,3513,3512,3508,3507,3505,3506,3502,3495,3494,3498,3498,3497,3503,3512,3525,3538,3542,3550,3561,3570,3578,3583,3592,3602,3612,3626,3642,3653,3667,3680,3687,3696,3701,3703,3699,3695,3697,3699,3695,3690,3684,3676,3669,3661,3653,3645,3636,3627,3617,3607,3593,3579,3567,3556,3542,3526,3512,3498,3485,3473,3466,3460,3453,3448,3441,3435,3431,3427,3423,3416,3408,3402,3400,3402,3408,3414,3419,3425,3433,3439,3448,3455,3463,3469,3476,3481,3484,3491,3497,3504,3511,3514,3520,3529,3536,3541,3544,3547,3548,3549,3551,3557,3563,3566,3571,3578,3585,3594,3604,3613,3620,3626,3630,3638,3648,3657,3664,3674,3683,3690,3700,3709,3717,3725,3733,3740,3751,3762,3771,3782,3794,3806,3815,3825,3838,3853,3866,3878,3890,3903,3918,3933,3948,3966,3982,3995,4010,4026,4043,4056,4067,4077,4090,4101,4111,4123,4135,4145,4153,4159,4161,4158,4151,4138,4122,4112,4110,4105,4099,4092,4079,4066
3185,3188,3190,3192,3196,3198,3200,3199,3195,3188,3181,3176,3173,3170,3169,3173,3179,3183,3184,3184,3184,3181,3177,3173,3173,3177,3182,3187,3193,3201,3208,3217,3229,3237,3243,3248,3258,3270,3280,3288,3293,3299,3306,3313,3319,3327,3336,3341,3345,3356,3367,3377,3384,3389,3396,3403,3413,3419,3426,3433,3436,3435,3432,3426,3421,3420,3420,3420,3417,3415,3416,3415,3418,3425,3436,3446,3451,3458,3466,3473,3483,3494,3501,3514,3523,3520,3517,3519,3518,3520,3513,3507,3504,3506,3505,3506,3511,3519,3531,3541,3546,3558,3568,3576,3583,3590,3599,3612,3623,3639,3655,3667,3677,3686,3695,3705,3711,3712,3707,3704,3709,3712,3705,3700,3692,3683,3675,3669,3660,3649,3640,3632,3623,3611,3597,3584,3572,3560,3544,3528,3517,3505,3493,3480,3471,3465,3459,3450,3444,3440,3436,3430,3426,3419,3412,3407,3404,3404,3407,3413,3417,3422,3430,3439,3448,3454,3461,3469,3476,3481,3485,3494,3501,3508,3517,3522,3529,3540,3547,3553,3554,3552,3551,3551,3552,3558,3564,3568,3573,3580,3589,3599,3609,3617,3621,3626,3632,3639,3647,3658,3667,3676,3683,3691,3702,3712,3721,3728,3734,3741,3751,3761,3767,3775,3790,3804,3815,3825,3834,3845,3859,3873,3884,3898,3914,3930,3944,3958,3970,3985,4001,4014,4030,4045,4057,4068,4083,4093,4103,4116,4128,4140,4148,4155,4159,4157,4152,4145,4132,4120,4116,4108,4103,4095,4081,4069
3186,3189,3192,3197,3198,3199,3200,3200,3197,3194,3189,3182,3178,3177,3177,3179,3188,3193,3195,3194,3193,3190,3186,3181,3178,3177,3178,3184,3192,3199,3207,3218,3231,3239,3244,3249,3262,3274,3283,3290,3296,3301,3308,3315,3321,3329,3337,3342,3347,3355,3365,3374,3379,3384,3391,3398,3408,3416,3423,3430,3434,3437,3436,3434,3431,3430,3429,3428,3426,3426,3425,3424,3426,3432,3440,3449,3456,3464,3469,3474,3483,3494,3505,3520,3526,3524,3524,3529,3532,3531,3526,3517,3510,3508,3510,3515,3521,3527,3537,3546,3554,3567,3575,3582,3589,3596,3609,3624,3635,3648,3666,3678,3684,3692,3702,3714,3719,3721,3716,3711,3714,3716,3708,3705,3696,3686,3681,3675,3665,3653,3641,3635,3627,3616,3600,3589,3578,3562,3545,3533,3523,3510,3500,3489,3479,3471,3465,3455,3448,3443,3440,3435,3429,3422,3417,3415,3412,3409,3409,3412,3416,3420,3427,3438,3447,3453,3461,3468,3476,3480,3485,3492,3501,3512,3522,3529,3536,3543,3549,3555,3558,3557,3555,3555,3555,3560,3564,3569,3575,3584,3592,3603,3614,3622,3623,3626,3634,3640,3645,3655,3667,3676,3681,3689,3701,3711,3723,3730,3736,3742,3751,3760,3765,3770,3785,3802,3815,3824,3829,3840,3853,3867,3879,3894,3909,3923,3937,3950,3961,3974,3991,4005,4020,4035,4047,4058,4075,4087,4099,4111,4123,4134,4144,4151,4156,4155,4153,4154,4144,4135,4125,4116,4107,4095,4079,4066
3188,3190,3194,3201,3203,3202,3202,3202,3200,3198,3194,3184,3179,3178,3181,3187,3194,3201,3203,3201,3200,3197,3194,3190,3183,3178,3177,3182,3191,3199,3207,3217,3231,3242,3248,3256,3266,3277,3284,3291,3296,3301,3310,3317,3321,3327,3334,3341,3349,3355,3362,3369,3375,3381,3389,3397,3406,3414,3420,3428,3435,3439,3442,3443,3443,3442,3440,3436,3434,3436,3436,3435,3434,3437,3442,3452,3461,3469,3474,3478,3486,3495,3506,3519,3523,3522,3525,3534,3540,3535,3532,3525,3520,3513,3516,3525,3531,3535,3542,3552,3563,3575,3583,3591,3600,3604,3621,3636,3645,3656,3672,3683,3691,3700,3713,3722,3726,3730,3727,3720,3718,3717,3712,3709,3699,3688,3686,3680,3672,3658,3643,3636,3630,3620,3604,3593,3582,3563,3545,3536,3527,3514,3504,3496,3486,3478,3471,3462,3454,3448,3445,3439,3433,3427,3425,3423,3420,3417,3415,3416,3417,3419,3427,3436,3444,3452,3460,3466,3472,3478,3482,3487,3499,3514,3524,3531,3540,3545,3551,3559,3562,3561,3560,3560,3560,3563,3567,3570,3577,3586,3596,3607,3618,3623,3624,3628,3637,3641,3647,3656,3666,3676,3685,3692,3700,3711,3723,3732,3735,3741,3751,3760,3763,3768,3783,3799,3808,3815,3822,3833,3845,3859,3872,3888,3900,3913,3928,3942,3954,3965,3983,3998,4010,4024,4037,4048,4066,4081,4094,4105,4117,4128,4139,4146,4151,4152,4153,4153,4148,4138,4130,4121,4106,4094,4076,4061
3189,3191,3197,3203,3206,3207,3206,3204,3201,3197,3192,3184,3178,3178,3186,3195,3202,3206,3209,3208,3207,3206,3203,3199,3191,3182,3178,3179,3188,3198,3208,3216,3231,3242,3252,3260,3268,3276,3284,3290,3294,3302,3311,3318,3322,3327,3332,3339,3345,3352,3358,3364,3370,3377,3386,3395,3404,3413,3419,3427,3435,3440,3446,3449,3450,3452,3449,3443,3444,3446,3445,3443,3443,3443,3445,3455,3466,3474,3478,3485,3493,3500,3510,3516,3519,3520,3527,3539,3543,3539,3537,3534,3527,3519,3520,3531,3538,3541,3548,3558,3567,3580,3590,3598,3610,3617,3631,3643,3651,3661,3676,3688,3697,3710,3721,3729,3735,3735,3734,3730,3726,3724,3720,3715,3702,3692,3688,3683,3675,3662,3645,3637,3631,3620,3605,3595,3585,3568,3549,3537,3528,3516,3507,3500,3489,3480,3474,3466,3458,3453,3449,3444,3438,3434,3433,3430,3429,3428,3425,3423,3422,3422,3427,3435,3441,3448,3456,3463,3469,3474,3478,3484,3496,3511,3524,3534,3543,3551,3558,3563,3565,3564,3564,3565,3565,3565,3567,3570,3577,3588,3599,3608,3615,3621,3625,3631,3639,3644,3651,3659,3666,3676,3688,3694,3701,3713,3724,3731,3735,3741,3752,3758,3759,3764,3779,3792,3798,3805,3816,3829,3841,3854,3867,3882,3893,3904,3917,3933,3948,3960,3976,3991,4002,4016,4027,4038,4057,4073,4085,4097,4111,4122,4133,4141,4146,4147,4148,4147,4140,4129,4127,4121,4108,4089,4068,4050
3189,3193,3198,3203,3209,3211,3209,3205,3200,3194,3190,3186,3182,3184,3194,3206,3212,3214,3217,3217,3217,3218,3214,3206,3198,3187,3181,3180,3184,3197,3209,3217,3229,3241,3252,3262,3268,3274,3282,3288,3294,3303,3310,3316,3321,3326,3331,3334,3339,3345,3351,3357,3365,3373,3383,3392,3401,3410,3417,3425,3432,3437,3446,3452,3455,3456,3456,3452,3454,3456,3455,3454,3453,3452,3453,3460,3470,3479,3484,3492,3497,3503,3511,3515,3517,3523,3534,3546,3550,3545,3543,3542,3534,3526,3527,3538,3544,3545,3552,3561,3573,3586,3594,3602,3615,3626,3636,3646,3653,3663,3679,3692,3702,3715,3724,3734,3736,3733,3733,3735,3736,3732,3726,3720,3713,3702,3693,3686,3677,3664,3646,3641,3633,3621,3607,3596,3585,3569,3551,3539,3530,3520,3512,3503,3491,3482,3475,3468,3461,3457,3453,3450,3444,3438,3438,3438,3441,3441,3436,3431,3429,3427,3426,3431,3438,3445,3452,3458,3466,3473,3479,3486,3500,3511,3524,3537,3546,3555,3562,3567,3567,3567,3568,3568,3568,3567,3568,3570,3577,3588,3597,3603,3609,3619,3626,3633,3641,3646,3652,3659,3666,3676,3687,3694,3704,3714,3722,3729,3736,3742,3752,3757,3759,3762,3775,3785,3792,3800,3811,3827,3838,3848,3861,3876,3887,3898,3911,3924,3940,3955,3968,3983,3998,4011,4020,4031,4051,4065,4078,4090,4104,4116,4127,4137,4141,4142,4142,4140,4131,4119,4117,4114,4104,4077,4050,4030
3190,3196,3200,3205,3211,3214,3212,3205,3199,3194,3191,3189,3190,3193,3200,3211,3216,3221,3226,3227,3229,3228,3222,3212,3203,3194,3187,3182,3184,3194,3206,3218,3230,3241,3251,3260,3266,3272,3279,3286,3292,3299,3304,3311,3318,3325,3329,3330,3332,3338,3344,3350,3360,3369,3380,3390,3400,3408,3416,3424,3429,3435,3443,3451,3457,3459,3460,3460,3461,3462,3461,3463,3464,3464,3463,3467,3474,3481,3489,3493,3497,3503,3513,3519,3520,3528,3537,3547,3551,3549,3545,3546,3542,3536,3536,3543,3549,3550,3557,3571,3583,3591,3597,3606,3620,3631,3638,3650,3660,3670,3683,3696,3708,3722,3731,3737,3739,3736,3737,3741,3747,3740,3731,3728,3724,3714,3701,3692,3681,3667,3652,3645,3635,3623,3607,3595,3584,3571,3554,3543,3534,3524,3516,3505,3494,3484,3477,3470,3465,3461,3458,3453,3450,3447,3446,3449,3452,3452,3446,3441,3438,3432,3427,3428,3433,3441,3450,3456,3463,3471,3481,3492,3502,3512,3526,3539,3547,3557,3565,3568,3568,3568,3570,3570,3569,3569,3570,3573,3579,3587,3595,3601,3609,3618,3625,3633,3642,3647,3652,3660,3668,3674,3685,3696,3705,3711,3719,3727,3733,3738,3745,3755,3761,3764,3772,3779,3786,3796,3806,3819,3835,3845,3853,3867,3880,3893,3906,3919,3934,3948,3964,3977,3989,4004,4012,4023,4043,4058,4071,4085,4101,4113,4123,4131,4134,4135,4136,4133,4124,4112,4104,4098,4087,4061,4035,4011
3192,3198,3202,3206,3211,3214,3212,3206,3202,3197,3192,3190,3193,3196,3202,3211,3218,3224,3229,3234,3237,3236,3229,3217,3207,3199,3192,3186,3186,3194,3204,3215,3230,3240,3247,3254,3262,3268,3275,3283,3288,3293,3298,3305,3312,3321,3325,3325,3326,3334,3342,3347,3355,3367,3378,3388,3399,3407,3415,3422,3426,3433,3440,3447,3455,3461,3463,3463,3465,3466,3465,3468,3471,3472,3471,3472,3476,3482,3489,3496,3500,3505,3517,3523,3527,3533,3537,3543,3549,3550,3548,3547,3549,3546,3543,3545,3555,3559,3569,3584,3595,3599,3603,3611,3623,3632,3639,3653,3668,3679,3688,3699,3713,3726,3733,3738,3742,3743,3745,3746,3747,3742,3736,3737,3734,3720,3706,3698,3686,3673,3661,3650,3637,3623,3607,3595,3586,3573,3560,3550,3539,3529,3519,3507,3498,3490,3483,3476,3471,3466,3462,3459,3458,3457,3459,3460,3463,3462,3457,3451,3443,3437,3430,3428,3431,3438,3447,3456,3465,3473,3484,3493,3504,3515,3528,3539,3548,3558,3566,3569,3569,3569,3570,3570,3571,3572,3574,3577,3582,3590,3599,3606,3612,3619,3625,3634,3640,3645,3651,3659,3667,3673,3686,3696,3700,3706,3714,3723,3729,3732,3739,3748,3757,3762,3769,3776,3782,3792,3802,3815,3827,3839,3848,3857,3873,3889,3899,3910,3924,3942,3958,3970,3982,3993,4007,4019,4034,4052,4068,4081,4095,4108,4117,4123,4125,4124,4125,4125,4119,4108,4099,4089,4075,4050,4031,4006
3193,3199,3202,3205,3209,3213,3211,3209,3206,3200,3194,3192,3196,3200,3207,3214,3222,3228,3235,3238,3242,3242,3238,3227,3215,3205,3198,3191,3190,3194,3203,3213,3225,3235,3242,3246,3253,3263,3271,3278,3285,3290,3293,3299,3305,3313,3318,3320,3321,3329,3339,3346,3355,3366,3379,3388,3396,3402,3411,3417,3423,3431,3438,3442,3451,3459,3463,3465,3467,3468,3470,3471,3474,3474,3473,3474,3476,3482,3490,3498,3502,3509,3519,3526,3528,3532,3534,3540,3544,3548,3549,3549,3553,3550,3548,3549,3563,3568,3575,3590,3602,3606,3609,3615,3626,3636,3645,3656,3669,3682,3691,3703,3714,3726,3734,3740,3742,3745,3749,3749,3747,3743,3741,3742,3737,3725,3711,3702,3691,3680,3668,3653,3636,3623,3610,3600,3589,3575,3561,3551,3538,3529,3523,3512,3504,3498,3492,3486,3479,3472,3468,3466,3467,3468,3469,3471,3471,3469,3464,3456,3447,3439,3434,3432,3435,3440,3449,3459,3468,3474,3482,3492,3504,3515,3526,3538,3549,3558,3564,3568,3569,3570,3570,3570,3570,3571,3573,3577,3584,3592,3601,3609,3613,3617,3624,3632,3639,3643,3649,3658,3667,3674,3684,3692,3698,3703,3711,3722,3728,3732,3735,3744,3751,3758,3767,3776,3785,3795,3802,3811,3820,3830,3839,3856,3872,3884,3893,3901,3916,3935,3950,3961,3976,3989,4003,4016,4031,4047,4064,4076,4090,4101,4109,4117,4118,4116,4115,4117,4115,4105,4096,4091,4071,4046,4031,4005
3195,3200,3203,3204,3209,3212,3213,3210,3206,3202,3198,3196,3200,3206,3214,3221,3226,3233,3239,3243,3247,3249,3245,3233,3221,3212,3202,3194,3191,3196,3203,3209,3217,3229,3236,3241,3248,3258,3267,3275,3280,3284,3287,3291,3298,3306,3311,3314,3317,3325,3335,3344,3352,3364,3377,3387,3391,3396,3405,3414,3422,3429,3434,3438,3446,3456,3462,3466,3467,3469,3472,3472,3473,3474,3473,3472,3475,3482,3490,3497,3502,3508,3516,3521,3522,3524,3529,3536,3542,3545,3548,3552,3555,3555,3555,3561,3576,3578,3583,3597,3609,3609,3610,3615,3629,3644,3652,3659,3668,3681,3694,3707,3715,3726,3735,3739,3742,3746,3752,3751,3748,3746,3745,3743,3735,3726,3717,3709,3698,3686,3669,3653,3637,3623,3613,3603,3590,3575,3563,3551,3538,3531,3527,3519,3510,3504,3499,3495,3485,3478,3476,3474,3476,3477,3476,3476,3476,3474,3469,3463,3454,3443,3436,3434,3435,3440,3448,3458,3465,3471,3480,3488,3500,3512,3524,3537,3548,3558,3565,3569,3570,3569,3569,3569,3570,3570,3570,3574,3579,3586,3597,3609,3613,3616,3621,3630,3637,3642,3647,3655,3665,3671,3678,3686,3693,3701,3711,3719,3725,3728,3733,3740,3746,3754,3765,3775,3783,3791,3801,3811,3817,3826,3838,3853,3869,3881,3889,3901,3915,3925,3935,3952,3973,3987,3998,4011,4024,4039,4059,4074,4089,4099,4106,4112,4114,4113,4114,4113,4111,4100,4092,4086,4066,4043,4024,3999
3198,3200,3204,3208,3214,3217,3216,3213,3207,3203,3200,3199,3203,3209,3216,3222,3227,3235,3242,3245,3250,3253,3246,3233,3224,3215,3204,3196,3191,3194,3199,3206,3215,3226,3233,3238,3247,3256,3265,3273,3279,3279,3282,3285,3290,3297,3302,3307,3313,3322,3332,3341,3351,3360,3374,3382,3385,3391,3402,3409,3415,3420,3427,3433,3442,3450,3459,3465,3467,3469,3473,3474,3474,3474,3474,3474,3475,3480,3487,3493,3497,3502,3509,3514,3517,3520,3525,3531,3537,3542,3546,3550,3556,3561,3563,3569,3579,3587,3594,3607,3616,3616,3616,3620,3636,3647,3653,3658,3666,3681,3699,3712,3717,3728,3736,3740,3742,3748,3754,3752,3749,3749,3749,3746,3741,3733,3726,3717,3705,3690,3672,3654,3635,3621,3611,3603,3588,3574,3564,3553,3541,3533,3530,3523,3516,3509,3503,3495,3487,3482,3481,3482,3483,3483,3482,3482,3483,3480,3476,3469,3459,3447,3438,3435,3434,3438,3449,3458,3463,3470,3477,3485,3496,3507,3518,3531,3542,3552,3561,3565,3566,3567,3565,3565,3567,3568,3570,3573,3576,3581,3590,3602,3610,3616,3623,3630,3636,3641,3646,3654,3663,3669,3678,3687,3693,3698,3705,3711,3718,3724,3732,3738,3744,3750,3759,3769,3776,3785,3796,3805,3814,3824,3837,3849,3861,3871,3882,3895,3910,3920,3930,3948,3971,3984,3994,4008,4024,4039,4054,4070,4087,4096,4104,4110,4111,4113,4112,4110,4105,4092,4084,4072,4056,4034,4008,3983
3195,3199,3205,3212,3218,3224,3222,3219,3213,3206,3202,3202,3204,3210,3217,3223,3230,3236,3241,3245,3251,3254,3248,3237,3228,3221,3211,3200,3193,3193,3197,3205,3217,3226,3233,3240,3248,3255,3260,3268,3272,3276,3280,3282,3286,3292,3298,3304,3311,3319,3329,3338,3347,3355,3366,3373,3378,3386,3397,3404,3408,3412,3417,3428,3437,3445,3453,3461,3465,3467,3472,3475,3472,3470,3471,3474,3475,3478,3482,3487,3492,3493,3498,3504,3508,3515,3521,3526,3531,3537,3543,3549,3556,3563,3566,3569,3578,3589,3600,3610,3621,3625,3627,3631,3637,3647,3655,3659,3667,3685,3704,3715,3723,3732,3741,3746,3747,3751,3758,3758,3756,3753,3755,3754,3749,3741,3731,3718,3703,3689,3673,3656,3637,3621,3610,3602,3590,3576,3564,3554,3544,3537,3531,3526,3521,3515,3507,3496,3488,3483,3483,3489,3494,3495,3493,3493,3491,3486,3480,3471,3464,3454,3445,3439,3435,3438,3447,3457,3463,3468,3472,3479,3494,3505,3513,3523,3534,3543,3550,3556,3560,3564,3561,3560,3564,3568,3571,3571,3573,3579,3588,3596,3604,3615,3621,3627,3634,3639,3645,3651,3657,3666,3674,3682,3691,3696,3699,3704,3713,3722,3729,3737,3742,3748,3757,3765,3771,3778,3790,3803,3811,3819,3829,3841,3854,3868,3880,3893,3906,3917,3930,3943,3963,3981,3991,4002,4021,4037,4050,4067,4082,4093,4101,4107,4113,4114,4112,4107,4102,4088,4079,4071,4056,4027,4001,3979
3189,3196,3203,3212,3217,3221,3222,3221,3217,3210,3205,3203,3204,3210,3216,3221,3229,3236,3241,3245,3250,3253,3249,3241,3232,3224,3215,3205,3195,3195,3198,3205,3216,3223,3232,3242,3249,3253,3258,3261,3263,3270,3277,3281,3284,3291,3297,3303,3310,3319,3328,3336,3343,3349,3357,3366,3373,3380,3388,3393,3398,3404,3413,3424,3434,3441,3449,3455,3460,3464,3469,3471,3467,3463,3464,3468,3472,3472,3476,3482,3485,3485,3488,3492,3499,3508,3516,3523,3527,3533,3538,3549,3558,3566,3572,3577,3584,3593,3603,3611,3619,3629,3637,3641,3644,3651,3664,3667,3675,3698,3712,3720,3728,3738,3746,3753,3754,3759,3767,3770,3767,3763,3764,3760,3754,3746,3734,3720,3703,3690,3674,3657,3637,3619,3609,3601,3589,3577,3567,3557,3549,3542,3537,3530,3524,3520,3512,3499,3492,3487,3489,3497,3503,3505,3506,3503,3500,3495,3487,3478,3471,3461,3451,3443,3439,3441,3447,3453,3457,3464,3471,3478,3491,3502,3510,3520,3527,3534,3541,3547,3553,3558,3558,3557,3560,3565,3569,3570,3572,3579,3587,3593,3602,3612,3617,3624,3631,3636,3642,3648,3655,3661,3670,3678,3686,3690,3695,3702,3710,3717,3725,3733,3741,3747,3754,3762,3767,3775,3790,3801,3807,3815,3826,3840,3854,3869,3879,3890,3901,3914,3927,3939,3958,3975,3993,4006,4022,4036,4048,4061,4080,4093,4102,4110,4115,4117,4111,4105,4099,4086,4075,4065,4050,4018,3995,3980
3185,3193,3203,3210,3215,3217,3217,3218,3216,3211,3207,3203,3204,3208,3213,3218,3225,3233,3239,3244,3249,3250,3249,3244,3236,3228,3217,3207,3198,3196,3197,3203,3212,3217,3228,3241,3249,3253,3254,3255,3258,3265,3273,3280,3283,3288,3294,3301,3308,3317,3325,3332,3338,3345,3350,3357,3366,3374,3380,3386,3392,3399,3410,3421,3430,3438,3445,3451,3456,3460,3466,3464,3458,3457,3460,3465,3467,3468,3469,3475,3478,3478,3481,3486,3494,3504,3512,3522,3528,3531,3539,3551,3560,3570,3577,3583,3588,3593,3603,3611,3622,3632,3641,3652,3655,3665,3671,3678,3692,3713,3724,3727,3733,3742,3751,3758,3764,3767,3773,3774,3771,3769,3770,3765,3756,3746,3734,3721,3709,3696,3670,3654,3635,3620,3610,3601,3590,3579,3569,3560,3552,3547,3544,3537,3531,3525,3515,3502,3496,3493,3494,3502,3510,3513,3514,3512,3506,3500,3494,3485,3476,3467,3458,3449,3443,3443,3446,3447,3452,3462,3470,3478,3487,3497,3507,3515,3521,3529,3536,3541,3547,3552,3555,3556,3560,3564,3569,3572,3576,3581,3584,3591,3599,3607,3614,3622,3627,3631,3636,3644,3651,3657,3664,3674,3680,3686,3692,3697,3704,3713,3720,3728,3736,3743,3750,3759,3767,3776,3787,3797,3804,3814,3826,3842,3856,3866,3874,3882,3897,3913,3926,3937,3949,3963,3982,4001,4020,4034,4045,4059,4077,4092,4104,4111,4116,4116,4111,4105,4099,4086,4073,4060,4045,4018,3993,3974
3186,3194,3201,3207,3212,3213,3213,3216,3215,3212,3210,3206,3205,3208,3213,3218,3224,3230,3237,3243,3247,3250,3249,3245,3237,3231,3220,3211,3205,3200,3196,3198,3202,3208,3224,3237,3244,3248,3250,3251,3255,3263,3270,3278,3282,3285,3291,3298,3306,3314,3322,3327,3332,3337,3343,3349,3358,3366,3373,3379,3387,3397,3407,3416,3424,3432,3442,3449,3452,3454,3455,3455,3452,3454,3459,3463,3464,3463,3464,3469,3472,3473,3477,3483,3492,3502,3511,3520,3528,3534,3541,3551,3562,3571,3578,3587,3592,3596,3607,3618,3631,3640,3646,3658,3671,3675,3681,3689,3704,3720,3729,3732,3737,3746,3755,3762,3769,3772,3775,3775,3773,3772,3774,3768,3758,3748,3733,3722,3710,3693,3664,3648,3634,3623,3612,3603,3592,3582,3573,3563,3557,3552,3550,3545,3538,3530,3519,3506,3501,3500,3501,3508,3516,3521,3522,3519,3511,3503,3497,3489,3480,3471,3462,3454,3445,3443,3445,3446,3451,3460,3469,3477,3485,3494,3504,3512,3519,3527,3532,3537,3542,3548,3551,3553,3558,3563,3567,3571,3576,3580,3584,3589,3596,3604,3611,3618,3623,3628,3634,3640,3646,3652,3662,3670,3676,3684,3688,3694,3703,3711,3717,3722,3729,3737,3745,3755,3763,3772,3782,3792,3800,3808,3819,3833,3847,3857,3864,3877,3892,3905,3919,3934,3947,3961,3980,4000,4017,4031,4043,4058,4075,4092,4104,4113,4116,4115,4111,4107,4101,4087,4075,4060,4045,4024,4002,3979
3184,3192,3199,3205,3210,3213,3214,3218,3218,3218,3217,3212,3208,3208,3211,3216,3222,3228,3233,3241,3248,3252,3251,3246,3240,3235,3228,3219,3213,3208,3203,3199,3199,3204,3220,3230,3236,3241,3244,3248,3253,3262,3269,3276,3281,3285,3288,3294,3302,3310,3316,3321,3327,3332,3337,3343,3352,3360,3368,3376,3385,3395,3405,3413,3418,3425,3437,3444,3445,3445,3445,3445,3446,3450,3456,3460,3459,3459,3460,3463,3467,3471,3475,3483,3492,3500,3508,3519,3526,3534,3540,3552,3566,3576,3584,3595,3602,3606,3617,3628,3638,3646,3652,3661,3673,3683,3689,3699,3711,3722,3731,3734,3740,3753,3760,3766,3774,3780,3780,3779,3777,3778,3777,3770,3758,3748,3735,3721,3706,3687,3659,3644,3634,3624,3614,3605,3595,3586,3578,3568,3560,3555,3552,3547,3540,3533,3523,3513,3508,3508,3510,3514,3520,3524,3527,3525,3518,3508,3500,3492,3483,3475,3465,3456,3447,3444,3445,3447,3451,3459,3466,3471,3480,3490,3499,3505,3513,3522,3529,3534,3538,3545,3548,3553,3557,3561,3562,3565,3572,3576,3579,3584,3592,3600,3605,3611,3618,3626,3633,3638,3641,3648,3658,3666,3671,3678,3684,3690,3698,3706,3712,3715,3722,3729,3738,3750,3758,3765,3775,3786,3794,3801,3810,3826,3842,3850,3859,3871,3886,3900,3913,3930,3948,3963,3980,3998,4015,4028,4043,4058,4074,4091,4104,4112,4117,4117,4113,4109,4103,4093,4080,4065,4049,4031,4010,3989
3184,3190,3199,3206,3213,3216,3218,3222,3224,3226,3225,3217,3212,3210,3210,3214,3219,3225,3233,3241,3249,3253,3253,3251,3248,3244,3238,3231,3222,3218,3215,3210,3205,3207,3214,3222,3228,3233,3239,3244,3251,3261,3268,3274,3278,3283,3286,3291,3299,3305,3309,3314,3320,3326,3332,3338,3346,3357,3368,3376,3384,3394,3402,3408,3414,3421,3431,3437,3437,3437,3438,3439,3440,3443,3449,3453,3454,3456,3457,3459,3464,3471,3477,3488,3495,3500,3506,3517,3527,3536,3546,3560,3575,3583,3594,3605,3610,3615,3625,3633,3642,3650,3657,3663,3676,3690,3697,3703,3714,3726,3733,3738,3745,3758,3767,3771,3779,3785,3784,3783,3785,3785,3782,3775,3763,3751,3739,3724,3704,3682,3657,3644,3634,3625,3615,3606,3595,3587,3579,3569,3561,3556,3552,3548,3543,3536,3527,3520,3516,3515,3517,3518,3523,3527,3528,3526,3520,3510,3503,3496,3486,3479,3471,3460,3449,3447,3447,3447,3449,3456,3462,3466,3476,3485,3492,3497,3504,3515,3524,3529,3533,3537,3544,3550,3554,3555,3555,3560,3566,3571,3574,3579,3587,3596,3600,3606,3615,3622,3627,3631,3637,3645,3656,3663,3667,3673,3678,3685,3692,3699,3706,3711,3717,3723,3733,3744,3751,3758,3768,3781,3788,3797,3807,3822,3836,3848,3858,3869,3884,3898,3910,3926,3946,3963,3979,3995,4013,4026,4040,4055,4073,4090,4102,4109,4117,4121,4119,4115,4111,4104,4089,4072,4058,4045,4022,3998
3186,3191,3200,3212,3219,3221,3223,3227,3232,3233,3230,3223,3218,3214,3212,3213,3217,3226,3236,3244,3251,3253,3255,3257,3256,3253,3248,3241,3234,3229,3225,3221,3214,3210,3211,3217,3222,3229,3235,3241,3248,3257,3264,3269,3273,3279,3284,3289,3294,3300,3304,3308,3314,3320,3328,3335,3344,3355,3366,3374,3382,3390,3398,3404,3411,3419,3428,3431,3430,3430,3432,3435,3437,3440,3443,3446,3448,3451,3454,3459,3464,3473,3483,3493,3498,3503,3510,3522,3533,3546,3558,3571,3584,3592,3604,3613,3618,3623,3633,3642,3648,3657,3663,3668,3680,3695,3702,3706,3715,3730,3738,3746,3751,3760,3771,3778,3783,3787,3787,3787,3789,3789,3785,3780,3769,3755,3741,3724,3702,3677,3656,3643,3634,3626,3616,3606,3597,3589,3580,3571,3563,3559,3555,3550,3546,3539,3532,3527,3524,3523,3523,3524,3527,3529,3528,3527,3521,3514,3507,3501,3491,3483,3476,3466,3454,3449,3448,3448,3449,3454,3461,3466,3473,3479,3486,3491,3499,3510,3519,3524,3527,3529,3535,3541,3546,3549,3552,3558,3564,3568,3572,3575,3582,3592,3596,3603,3613,3620,3621,3625,3631,3641,3651,3658,3664,3669,3674,3682,3687,3692,3701,3707,3713,3720,3729,3739,3745,3751,3762,3774,3782,3792,3803,3815,3831,3846,3858,3866,3881,3896,3907,3923,3941,3958,3975,3992,4010,4024,4037,4052,4070,4089,4100,4107,4119,4126,4125,4121,4119,4115,4103,4086,4073,4056,4031,4012
3189,3193,3200,3213,3220,3223,3226,3231,3236,3237,3233,3228,3224,3220,3215,3213,3217,3226,3236,3245,3251,3253,3257,3260,3260,3258,3254,3249,3244,3239,3234,3229,3220,3212,3212,3215,3218,3224,3232,3237,3244,3253,3258,3263,3268,3273,3278,3283,3288,3295,3301,3307,3313,3319,3329,3337,3345,3355,3364,3372,3379,3387,3398,3406,3411,3417,3425,3427,3426,3426,3428,3430,3434,3436,3437,3439,3442,3446,3451,3460,3465,3476,3489,3498,3503,3511,3520,3531,3544,3555,3567,3579,3592,3601,3611,3619,3625,3631,3642,3651,3657,3666,3669,3673,3684,3698,3705,3710,3720,3735,3742,3752,3759,3766,3776,3782,3788,3791,3792,3792,3792,3789,3786,3783,3772,3757,3739,3719,3698,3676,3655,3643,3635,3628,3617,3607,3598,3591,3584,3577,3570,3567,3562,3555,3549,3545,3539,3534,3532,3531,3530,3531,3534,3533,3531,3529,3524,3519,3514,3508,3497,3488,3480,3471,3459,3451,3449,3449,3450,3454,3460,3465,3469,3474,3481,3487,3495,3505,3514,3520,3521,3524,3529,3536,3541,3543,3547,3555,3562,3567,3571,3575,3580,3588,3594,3602,3611,3616,3620,3623,3629,3636,3645,3652,3660,3666,3671,3680,3685,3689,3697,3705,3711,3718,3727,3736,3742,3749,3757,3768,3777,3787,3797,3807,3822,3839,3853,3862,3877,3893,3905,3920,3938,3954,3971,3988,4007,4022,4037,4052,4069,4088,4098,4108,4123,4133,4135,4133,4130,4127,4117,4103,4088,4066,4043,4029
3189,3194,3199,3208,3216,3222,3228,3233,3237,3237,3234,3230,3228,3224,3218,3215,3218,3224,3233,3243,3250,3254,3258,3263,3264,3261,3259,3257,3252,3245,3239,3235,3227,3218,3216,3216,3216,3220,3228,3234,3240,3249,3254,3258,3263,3268,3272,3277,3283,3291,3300,3308,3313,3322,3331,3338,3346,3355,3363,3370,3379,3387,3399,3407,3412,3417,3421,3423,3422,3423,3424,3425,3428,3430,3430,3433,3436,3442,3450,3461,3470,3481,3493,3502,3508,3517,3527,3540,3552,3561,3572,3585,3599,3607,3615,3623,3631,3639,3651,3658,3664,3672,3676,3679,3689,3701,3709,3715,3725,3737,3745,3757,3766,3773,3780,3785,3791,3796,3797,3797,3794,3788,3785,3782,3771,3755,3736,3718,3697,3677,3659,3647,3639,3630,3618,3607,3598,3591,3586,3583,3579,3575,3568,3559,3553,3550,3546,3543,3540,3539,3538,3540,3543,3542,3538,3533,3527,3522,3518,3513,3502,3491,3483,3474,3463,3455,3450,3449,3451,3453,3458,3461,3466,3472,3479,3483,3488,3495,3505,3512,3516,3521,3526,3533,3538,3542,3546,3553,3558,3562,3568,3573,3579,3586,3591,3599,3606,3612,3619,3624,3628,3633,3640,3646,3655,3662,3666,3677,3685,3688,3695,3702,3708,3715,3724,3732,3737,3745,3753,3762,3773,3783,3794,3803,3814,3830,3848,3860,3874,3891,3906,3920,3936,3951,3967,3986,4004,4019,4037,4054,4071,4086,4098,4111,4127,4138,4143,4145,4144,4141,4135,4125,4104,4075,4057,4048
3189,3194,3199,3206,3212,3219,3228,3233,3234,3234,3233,3231,3232,3229,3223,3218,3220,3224,3231,3241,3249,3255,3261,3266,3268,3267,3266,3264,3258,3249,3243,3240,3234,3226,3223,3220,3220,3223,3228,3233,3237,3244,3251,3254,3258,3265,3270,3275,3282,3290,3299,3307,3313,3323,3334,3340,3347,3356,3363,3369,3377,3386,3397,3404,3410,3414,3417,3418,3417,3418,3418,3420,3422,3423,3423,3429,3435,3442,3453,3465,3474,3484,3494,3504,3513,3522,3531,3545,3556,3566,3577,3589,3602,3610,3619,3627,3635,3644,3656,3664,3668,3675,3679,3682,3693,3705,3714,3721,3731,3741,3748,3759,3769,3776,3783,3788,3794,3799,3800,3799,3795,3788,3783,3777,3765,3750,3735,3720,3701,3683,3666,3655,3644,3632,3618,3608,3599,3592,3588,3587,3585,3579,3573,3565,3559,3556,3553,3551,3550,3548,3550,3554,3554,3551,3546,3539,3531,3524,3520,3516,3506,3495,3486,3477,3466,3457,3451,3449,3451,3453,3456,3460,3466,3473,3479,3481,3484,3490,3498,3507,3514,3517,3521,3528,3536,3542,3546,3550,3552,3556,3564,3572,3578,3584,3588,3595,3601,3607,3614,3621,3626,3631,3635,3640,3648,3657,3662,3673,3682,3686,3694,3700,3706,3713,3722,3727,3730,3736,3746,3756,3768,3779,3792,3803,3811,3824,3844,3858,3872,3888,3905,3920,3935,3948,3965,3984,4001,4017,4037,4057,4071,4083,4097,4113,4130,4142,4150,4155,4156,4153,4151,4144,4124,4093,4075,4065
3189,3195,3200,3204,3209,3217,3226,3230,3230,3230,3232,3234,3234,3234,3228,3223,3224,3227,3232,3241,3249,3256,3263,3268,3272,3272,3272,3270,3263,3255,3249,3245,3241,3235,3231,3227,3228,3229,3230,3232,3235,3240,3246,3250,3255,3264,3270,3276,3284,3290,3299,3306,3312,3322,3334,3342,3348,3355,3363,3368,3375,3383,3392,3398,3405,3409,3410,3410,3411,3412,3411,3413,3415,3417,3420,3430,3438,3446,3457,3468,3476,3484,3493,3506,3517,3526,3535,3548,3559,3570,3583,3593,3602,3610,3620,3632,3642,3649,3660,3668,3672,3676,3679,3683,3696,3706,3715,3725,3737,3745,3752,3761,3770,3778,3784,3790,3795,3800,3800,3798,3795,3788,3780,3773,3761,3747,3733,3720,3707,3691,3675,3661,3647,3631,3617,3609,3601,3595,3592,3592,3589,3583,3577,3571,3567,3563,3560,3559,3559,3561,3563,3566,3565,3560,3553,3544,3537,3529,3522,3517,3508,3497,3489,3479,3468,3460,3452,3448,3449,3452,3457,3461,3467,3473,3477,3479,3482,3489,3496,3504,3510,3513,3517,3523,3531,3537,3543,3548,3550,3555,3564,3571,3576,3581,3585,3591,3596,3602,3609,3615,3622,3628,3632,3637,3646,3653,3660,3668,3676,3680,3690,3698,3704,3713,3721,3726,3727,3730,3740,3752,3764,3775,3787,3799,3809,3822,3840,3855,3868,3883,3900,3917,3932,3947,3964,3982,4001,4017,4037,4057,4070,4082,4095,4112,4131,4144,4155,4164,4166,4164,4160,4153,4139,4117,4098,4082
3190,3195,3200,3203,3207,3215,3222,3226,3227,3229,3233,3236,3236,3237,3234,3231,3230,3231,3235,3242,3249,3256,3262,3267,3272,3274,3275,3274,3268,3262,3256,3252,3249,3245,3239,3235,3234,3235,3233,3234,3236,3239,3242,3246,3253,3263,3270,3277,3286,3291,3299,3306,3311,3320,3332,3341,3347,3353,3362,3368,3373,3379,3385,3392,3398,3403,3403,3402,3404,3406,3407,3409,3410,3413,3419,3433,3442,3448,3459,3471,3479,3485,3494,3507,3520,3529,3537,3550,3561,3573,3588,3596,3604,3612,3624,3638,3651,3656,3664,3671,3675,3679,3682,3688,3699,3706,3714,3728,3741,3750,3757,3764,3772,3780,3786,3791,3795,3798,3798,3797,3796,3787,3778,3771,3760,3747,3732,3720,3710,3696,3681,3665,3650,3635,3620,3611,3606,3601,3599,3597,3592,3587,3582,3576,3573,3569,3566,3566,3568,3570,3573,3574,3574,3570,3559,3551,3544,3536,3526,3518,3508,3498,3491,3482,3472,3464,3453,3447,3447,3451,3456,3461,3466,3470,3472,3474,3479,3486,3492,3500,3507,3511,3515,3520,3525,3531,3538,3545,3549,3554,3561,3566,3571,3576,3581,3587,3593,3599,3604,3609,3616,3623,3628,3634,3643,3651,3656,3663,3670,3675,3684,3693,3701,3711,3719,3726,3727,3729,3737,3750,3761,3772,3783,3795,3808,3821,3836,3850,3865,3879,3894,3914,3932,3948,3964,3981,4000,4016,4034,4052,4068,4081,4093,4111,4130,4145,4157,4167,4174,4174,4168,4159,4147,4130,4115,4097
3194,3198,3201,3203,3207,3213,3220,3224,3226,3230,3234,3236,3237,3239,3240,3240,3239,3237,3238,3242,3246,3253,3260,3267,3272,3274,3278,3279,3274,3267,3261,3258,3258,3255,3249,3243,3241,3241,3240,3239,3239,3240,3240,3243,3250,3260,3269,3277,3286,3293,3301,3308,3313,3321,3330,3338,3344,3350,3358,3365,3370,3374,3378,3383,3389,3395,3397,3396,3397,3400,3404,3406,3407,3411,3419,3434,3443,3449,3460,3474,3482,3488,3495,3506,3519,3531,3542,3553,3563,3576,3591,3601,3612,3620,3630,3644,3656,3662,3667,3673,3679,3682,3687,3695,3702,3708,3717,3731,3744,3753,3760,3766,3773,3780,3784,3790,3793,3794,3795,3797,3797,3784,3774,3769,3759,3747,3733,3721,3709,3698,3685,3670,3655,3643,3628,3617,3612,3609,3606,3602,3596,3592,3587,3581,3579,3576,3572,3571,3575,3577,3579,3580,3581,3577,3567,3559,3551,3541,3531,3521,3508,3499,3493,3486,3477,3468,3458,3452,3448,3448,3452,3457,3464,3467,3468,3470,3475,3481,3487,3495,3504,3509,3513,3517,3521,3527,3533,3540,3545,3550,3555,3560,3564,3570,3576,3582,3588,3594,3601,3605,3610,3618,3624,3630,3639,3647,3653,3660,3666,3672,3680,3688,3698,3709,3715,3723,3726,3727,3733,3746,3757,3767,3779,3791,3805,3818,3833,3848,3863,3876,3890,3911,3932,3948,3963,3980,3997,4014,4032,4048,4063,4078,4093,4110,4128,4143,4155,4167,4180,4183,4176,4164,4150,4133,4120,4105
3200,3203,3205,3205,3209,3215,3219,3223,3226,3230,3234,3234,3236,3241,3244,3245,3244,3241,3240,3241,3243,3250,3258,3264,3271,3276,3281,3286,3282,3274,3268,3267,3267,3265,3259,3254,3250,3250,3250,3246,3244,3243,3240,3241,3245,3255,3266,3276,3284,3291,3300,3308,3315,3322,3329,3336,3342,3347,3351,3358,3363,3368,3371,3375,3380,3384,3388,3388,3388,3392,3396,3398,3403,3410,3420,3433,3442,3450,3463,3476,3483,3489,3496,3505,3517,3532,3545,3555,3566,3579,3594,3606,3619,3627,3636,3647,3658,3665,3671,3678,3685,3689,3693,3699,3705,3713,3723,3735,3746,3755,3761,3765,3770,3776,3780,3786,3791,3792,3793,3796,3796,3782,3773,3768,3760,3750,3737,3723,3710,3699,3688,3675,3660,3649,3635,3624,3618,3616,3613,3609,3602,3597,3592,3587,3585,3582,3579,3579,3582,3584,3585,3586,3588,3585,3577,3569,3559,3547,3536,3526,3511,3501,3496,3489,3480,3473,3468,3462,3453,3448,3450,3455,3461,3465,3467,3470,3474,3479,3484,3490,3497,3503,3507,3514,3519,3525,3531,3537,3542,3545,3548,3552,3558,3566,3573,3578,3582,3589,3597,3604,3609,3614,3620,3627,3634,3641,3650,3658,3664,3670,3678,3685,3695,3704,3710,3719,3724,3725,3729,3741,3750,3760,3774,3787,3798,3813,3829,3847,3861,3874,3889,3907,3927,3943,3959,3976,3994,4011,4032,4046,4060,4076,4094,4111,4127,4140,4153,4167,4179,4182,4175,4162,4146,4131,4120,4107
3205,3207,3208,3208,3211,3217,3220,3223,3227,3233,3234,3235,3238,3244,3248,3249,3248,3245,3243,3243,3244,3248,3255,3262,3270,3276,3283,3289,3289,3284,3278,3277,3276,3271,3267,3264,3261,3261,3260,3255,3250,3246,3244,3242,3243,3250,3260,3271,3280,3288,3296,3306,3315,3321,3327,3333,3339,3343,3344,3350,3356,3361,3364,3368,3371,3374,3375,3377,3379,3382,3384,3389,3398,3410,3421,3431,3439,3450,3465,3477,3484,3491,3498,3507,3517,3533,3545,3555,3567,3579,3593,3609,3622,3630,3639,3648,3657,3665,3673,3682,3691,3698,3700,3703,3709,3719,3727,3734,3742,3753,3758,3760,3764,3770,3774,3780,3787,3790,3791,3794,3792,3782,3773,3768,3760,3753,3741,3728,3716,3704,3693,3682,3668,3656,3641,3630,3624,3621,3618,3615,3609,3604,3598,3593,3590,3588,3586,3587,3590,3591,3593,3595,3595,3592,3586,3576,3567,3555,3544,3533,3518,3507,3501,3495,3485,3479,3474,3468,3458,3452,3452,3454,3458,3462,3465,3471,3477,3481,3485,3490,3494,3496,3500,3508,3516,3523,3530,3536,3538,3540,3543,3546,3553,3562,3571,3575,3579,3584,3593,3601,3607,3612,3617,3623,3628,3634,3646,3656,3662,3668,3675,3683,3692,3701,3708,3716,3722,3723,3728,3737,3744,3755,3769,3784,3795,3809,3828,3847,3859,3873,3889,3905,3923,3939,3954,3971,3991,4008,4028,4044,4060,4077,4095,4111,4126,4138,4151,4166,4175,4174,4166,4153,4138,4126,4118,4105
3207,3210,3211,3213,3216,3221,3223,3226,3231,3237,3239,3239,3243,3249,3252,3255,3255,3252,3249,3247,3245,3248,3253,3260,3267,3273,3281,3287,3291,3291,3288,3284,3282,3277,3274,3272,3270,3270,3269,3262,3257,3253,3251,3246,3244,3247,3254,3264,3275,3284,3291,3299,3309,3318,3323,3328,3333,3336,3339,3344,3350,3354,3357,3360,3363,3364,3363,3365,3370,3375,3379,3387,3399,3411,3422,3430,3438,3451,3465,3475,3483,3491,3500,3510,3521,3534,3546,3554,3566,3578,3590,3610,3623,3629,3638,3647,3656,3664,3674,3685,3694,3702,3705,3705,3712,3720,3725,3730,3735,3744,3747,3750,3755,3761,3765,3772,3779,3784,3788,3789,3786,3782,3774,3769,3761,3753,3745,3734,3724,3713,3702,3690,3676,3662,3647,3635,3629,3625,3622,3620,3616,3611,3605,3599,3594,3591,3589,3590,3593,3595,3598,3601,3600,3597,3592,3582,3573,3564,3554,3542,3527,3516,3508,3502,3493,3485,3478,3473,3464,3457,3454,3456,3458,3459,3463,3469,3479,3484,3487,3493,3495,3497,3499,3506,3513,3519,3527,3533,3535,3538,3541,3545,3550,3559,3567,3571,3575,3580,3587,3595,3600,3606,3612,3619,3625,3631,3642,3652,3660,3667,3674,3682,3690,3700,3709,3716,3720,3722,3729,3737,3742,3751,3765,3783,3796,3810,3829,3846,3858,3871,3887,3904,3922,3937,3953,3970,3989,4005,4024,4042,4059,4076,4092,4107,4123,4136,4149,4162,4168,4165,4156,4142,4130,4123,4114,4103
3206,3210,3212,3216,3221,3225,3226,3228,3234,3239,3242,3244,3247,3252,3256,3260,3262,3258,3254,3250,3247,3248,3254,3259,3266,3272,3278,3284,3290,3295,3294,3290,3287,3284,3281,3278,3274,3276,3275,3269,3265,3266,3260,3252,3249,3250,3251,3259,3271,3282,3287,3292,3300,3308,3315,3320,3326,3331,3334,3337,3342,3346,3348,3351,3354,3355,3355,3357,3365,3372,3381,3390,3402,3412,3421,3430,3440,3453,3465,3475,3483,3491,3500,3510,3523,3536,3547,3555,3566,3579,3591,3605,3622,3628,3636,3647,3657,3665,3674,3683,3690,3697,3702,3703,3708,3716,3719,3722,3727,3732,3735,3739,3746,3750,3757,3765,3774,3779,3784,3786,3784,3780,3774,3770,3763,3755,3748,3740,3731,3722,3711,3698,3682,3666,3651,3640,3632,3628,3626,3623,3620,3617,3611,3605,3598,3594,3592,3594,3597,3599,3601,3604,3604,3601,3597,3590,3581,3571,3562,3550,3535,3524,3517,3509,3500,3491,3484,3479,3471,3464,3458,3459,3460,3459,3462,3468,3476,3484,3490,3496,3501,3507,3510,3513,3515,3519,3525,3531,3534,3538,3542,3545,3550,3557,3562,3567,3572,3577,3581,3587,3594,3601,3609,3617,3626,3633,3639,3648,3658,3667,3674,3681,3689,3699,3709,3716,3719,3720,3727,3737,3741,3749,3763,3780,3795,3810,3829,3845,3856,3870,3886,3903,3920,3937,3954,3972,3989,4006,4025,4040,4054,4071,4089,4102,4118,4134,4146,4155,4159,4155,4145,4131,4124,4117,4108,4097
3201,3206,3210,3215,3221,3223,3225,3228,3234,3239,3243,3246,3249,3253,3257,3262,3266,3264,3259,3254,3249,3249,3253,3258,3264,3270,3276,3282,3289,3296,3297,3295,3293,3290,3288,3283,3278,3278,3278,3276,3274,3274,3270,3262,3257,3255,3254,3258,3267,3277,3283,3287,3291,3299,3308,3315,3321,3327,3329,3331,3334,3337,3337,3340,3345,3348,3351,3356,3365,3374,3384,3395,3406,3415,3423,3432,3442,3456,3468,3478,3484,3492,3501,3510,3522,3535,3547,3556,3569,3583,3591,3601,3617,3626,3634,3646,3656,3662,3669,3675,3680,3687,3692,3695,3699,3705,3710,3712,3716,3722,3725,3730,3736,3743,3752,3763,3771,3776,3781,3784,3784,3780,3776,3771,3765,3757,3752,3746,3738,3730,3720,3707,3689,3670,3653,3641,3634,3630,3629,3627,3624,3620,3614,3609,3603,3599,3599,3601,3604,3606,3608,3611,3610,3606,3603,3598,3590,3581,3572,3560,3545,3536,3528,3520,3510,3500,3492,3485,3479,3474,3466,3463,3462,3461,3463,3466,3475,3486,3496,3501,3509,3518,3523,3522,3522,3523,3527,3531,3535,3539,3542,3546,3550,3557,3561,3566,3573,3579,3584,3589,3597,3602,3610,3618,3628,3633,3638,3648,3658,3666,3674,3681,3689,3698,3706,3714,3718,3718,3722,3733,3740,3749,3763,3779,3793,3810,3827,3843,3856,3870,3885,3903,3921,3937,3953,3970,3991,4007,4023,4038,4051,4068,4086,4099,4115,4132,4143,4149,4151,4146,4136,4126,4119,4110,4099,4088
3197,3203,3205,3211,3217,3218,3220,3227,3233,3237,3242,3247,3251,3255,3260,3265,3269,3268,3264,3260,3253,3250,3251,3254,3261,3268,3276,3282,3288,3294,3297,3298,3298,3296,3294,3290,3283,3281,3282,3282,3280,3280,3278,3272,3265,3262,3261,3261,3263,3269,3277,3281,3286,3295,3304,3311,3317,3320,3324,3326,3328,3329,3329,3333,3339,3345,3350,3357,3366,3374,3384,3398,3409,3417,3424,3433,3444,3459,3473,3482,3488,3494,3503,3513,3523,3534,3544,3557,3572,3582,3590,3601,3614,3622,3631,3640,3648,3652,3659,3665,3671,3678,3684,3687,3688,3695,3699,3702,3705,3712,3717,3721,3726,3737,3748,3759,3768,3773,3778,3782,3784,3782,3777,3772,3765,3758,3757,3755,3748,3736,3723,3711,3696,3677,3657,3646,3638,3635,3633,3630,3626,3622,3616,3612,3607,3604,3604,3607,3611,3614,3617,3621,3619,3614,3611,3607,3599,3590,3581,3571,3558,3547,3538,3529,3519,3508,3499,3492,3485,3480,3473,3468,3465,3463,3463,3466,3473,3485,3497,3504,3513,3525,3530,3531,3532,3533,3532,3532,3535,3541,3544,3549,3554,3561,3565,3571,3577,3583,3592,3598,3603,3606,3613,3621,3628,3634,3640,3648,3656,3665,3674,3681,3689,3697,3703,3709,3714,3716,3718,3728,3738,3752,3768,3780,3794,3811,3827,3840,3855,3870,3885,3903,3921,3938,3953,3968,3990,4005,4019,4035,4053,4067,4082,4097,4116,4130,4139,4144,4146,4141,4132,4123,4113,4101,4090,4080
3193,3198,3202,3206,3210,3211,3215,3224,3231,3237,3244,3250,3254,3258,3264,3269,3271,3271,3270,3266,3257,3253,3251,3253,3260,3268,3278,3284,3288,3292,3296,3299,3301,3301,3299,3296,3289,3285,3287,3288,3288,3288,3286,3281,3275,3272,3271,3269,3265,3268,3271,3274,3280,3290,3299,3304,3310,3313,3317,3322,3324,3328,3329,3333,3341,3348,3351,3358,3367,3375,3385,3400,3409,3417,3426,3437,3449,3462,3474,3485,3491,3497,3507,3516,3524,3533,3543,3556,3569,3580,3589,3599,3611,3618,3624,3630,3637,3643,3648,3653,3661,3670,3676,3679,3682,3685,3689,3691,3694,3701,3709,3716,3721,3731,3744,3755,3764,3772,3777,3780,3783,3781,3778,3772,3765,3761,3759,3756,3749,3740,3727,3715,3705,3688,3666,3653,3644,3641,3637,3634,3629,3624,3620,3615,3612,3609,3610,3614,3619,3622,3625,3629,3628,3625,3622,3619,3610,3599,3590,3579,3567,3555,3546,3536,3523,3513,3505,3499,3491,3484,3477,3471,3467,3464,3464,3465,3470,3482,3495,3504,3514,3525,3533,3538,3541,3539,3537,3537,3541,3545,3550,3554,3559,3565,3570,3575,3579,3588,3600,3607,3611,3615,3619,3624,3630,3636,3643,3649,3655,3663,3672,3680,3688,3696,3701,3708,3714,3716,3719,3726,3737,3753,3770,3783,3796,3812,3825,3838,3854,3871,3886,3902,3920,3936,3952,3971,3989,4001,4016,4033,4052,4068,4084,4099,4116,4129,4136,4142,4142,4137,4127,4117,4104,4092,4084,4076
3190,3193,3196,3199,3204,3208,3213,3223,3231,3240,3247,3254,3257,3260,3265,3271,3271,3272,3273,3271,3262,3256,3255,3258,3263,3268,3277,3283,3287,3289,3293,3298,3302,3303,3302,3299,3295,3292,3293,3294,3294,3293,3289,3286,3284,3280,3279,3276,3272,3271,3271,3269,3276,3286,3292,3296,3300,3304,3310,3316,3324,3332,3335,3340,3347,3354,3359,3365,3372,3380,3389,3402,3410,3418,3428,3442,3453,3464,3473,3484,3493,3500,3509,3516,3523,3532,3544,3556,3566,3577,3585,3593,3603,3610,3615,3621,3627,3632,3638,3642,3650,3659,3667,3670,3673,3676,3681,3684,3686,3693,3702,3711,3718,3727,3742,3753,3760,3770,3778,3783,3785,3783,3776,3769,3764,3762,3758,3754,3748,3741,3731,3719,3707,3694,3673,3658,3648,3642,3639,3635,3630,3625,3624,3622,3618,3617,3618,3624,3627,3628,3630,3634,3636,3634,3632,3628,3621,3610,3599,3587,3573,3563,3554,3541,3527,3519,3511,3504,3496,3489,3484,3476,3470,3469,3468,3467,3472,3482,3493,3502,3513,3524,3532,3541,3546,3547,3547,3547,3550,3551,3553,3555,3559,3564,3570,3575,3582,3592,3604,3609,3613,3618,3623,3627,3633,3640,3647,3652,3657,3665,3673,3680,3687,3694,3701,3711,3721,3723,3724,3727,3736,3753,3769,3784,3799,3813,3824,3838,3858,3877,3891,3903,3918,3936,3954,3971,3986,3999,4014,4033,4052,4069,4084,4099,4115,4126,4133,4139,4139,4133,4121,4109,4097,4085,4080,4073
3186,3188,3190,3195,3201,3209,3216,3222,3230,3241,3248,3253,3257,3259,3263,3269,3271,3272,3275,3275,3267,3260,3258,3261,3262,3265,3272,3279,3282,3283,3287,3295,3301,3303,3304,3304,3300,3297,3296,3296,3296,3295,3290,3288,3284,3282,3284,3283,3278,3276,3273,3269,3274,3280,3284,3289,3294,3300,3305,3312,3322,3332,3340,3346,3354,3359,3367,3373,3378,3385,3395,3405,3415,3421,3431,3443,3455,3465,3475,3485,3494,3500,3507,3514,3520,3528,3541,3556,3564,3574,3581,3584,3593,3599,3605,3611,3617,3621,3627,3633,3640,3648,3656,3660,3662,3666,3673,3678,3682,3689,3698,3707,3715,3725,3740,3752,3760,3771,3781,3789,3791,3786,3777,3767,3762,3762,3758,3755,3747,3737,3729,3719,3708,3695,3676,3661,3650,3642,3638,3635,3631,3629,3628,3628,3627,3625,3627,3631,3633,3634,3637,3640,3642,3641,3639,3634,3627,3617,3605,3593,3578,3569,3560,3549,3535,3526,3517,3510,3502,3498,3491,3483,3476,3475,3473,3472,3474,3482,3492,3503,3512,3520,3529,3538,3547,3552,3550,3550,3552,3551,3554,3556,3560,3565,3573,3581,3587,3596,3605,3610,3613,3618,3624,3627,3635,3644,3652,3656,3661,3667,3673,3681,3687,3693,3701,3715,3724,3728,3728,3733,3743,3759,3773,3783,3799,3814,3826,3841,3862,3880,3890,3903,3919,3937,3956,3972,3985,4000,4016,4034,4053,4069,4084,4097,4110,4122,4131,4137,4135,4126,4114,4102,4089,4080,4075,4067
3183,3184,3187,3192,3200,3209,3216,3223,3232,3240,3246,3253,3257,3258,3260,3266,3270,3272,3275,3275,3271,3267,3264,3263,3261,3262,3271,3277,3278,3279,3284,3291,3298,3301,3304,3306,3304,3302,3300,3299,3299,3298,3294,3291,3288,3288,3290,3288,3284,3282,3282,3278,3274,3277,3281,3285,3293,3298,3305,3315,3327,3336,3343,3350,3357,3363,3370,3378,3384,3391,3398,3404,3415,3424,3433,3444,3453,3465,3475,3483,3491,3497,3505,3513,3520,3527,3540,3551,3560,3569,3575,3578,3583,3588,3595,3600,3604,3609,3617,3625,3632,3641,3646,3651,3654,3657,3665,3672,3679,3687,3695,3703,3714,3727,3739,3752,3760,3770,3783,3792,3793,3787,3776,3770,3765,3759,3755,3752,3746,3736,3728,3719,3708,3696,3680,3662,3651,3643,3641,3638,3637,3637,3637,3636,3636,3634,3635,3637,3639,3643,3646,3647,3649,3647,3644,3641,3635,3626,3612,3599,3586,3573,3565,3554,3540,3531,3525,3516,3509,3504,3496,3489,3483,3478,3477,3476,3473,3477,3487,3499,3510,3520,3528,3536,3545,3552,3552,3553,3553,3554,3559,3564,3566,3571,3581,3590,3595,3600,3606,3611,3615,3622,3628,3630,3635,3644,3653,3658,3662,3665,3674,3682,3688,3697,3705,3714,3724,3729,3734,3742,3752,3767,3779,3789,3803,3818,3831,3844,3859,3876,3890,3905,3922,3940,3957,3971,3987,4002,4018,4034,4052,4069,4084,4096,4110,4120,4129,4134,4132,4123,4110,4098,4088,4078,4070,4062
3178,3181,3186,3194,3202,3212,3222,3230,3237,3243,3250,3255,3256,3257,3259,3263,3266,3270,3273,3274,3273,3274,3271,3268,3266,3267,3271,3274,3277,3282,3286,3290,3295,3300,3304,3307,3309,3307,3305,3305,3308,3307,3303,3300,3296,3294,3295,3292,3289,3292,3291,3288,3283,3280,3285,3290,3295,3299,3305,3316,3327,3336,3344,3351,3358,3363,3371,3380,3387,3393,3400,3406,3414,3423,3433,3442,3450,3460,3470,3475,3484,3494,3503,3513,3520,3526,3535,3546,3553,3560,3563,3567,3571,3576,3582,3588,3596,3601,3606,3616,3622,3630,3638,3642,3646,3651,3659,3668,3675,3683,3691,3702,3714,3725,3737,3751,3759,3768,3778,3783,3787,3783,3777,3774,3767,3760,3754,3750,3745,3740,3730,3719,3709,3697,3685,3670,3657,3649,3647,3645,3647,3647,3648,3647,3647,3645,3642,3643,3646,3651,3654,3653,3653,3651,3647,3644,3639,3631,3618,3605,3592,3580,3572,3561,3546,3538,3530,3522,3514,3508,3501,3495,3488,3482,3478,3475,3472,3472,3480,3491,3504,3519,3530,3538,3546,3552,3554,3554,3554,3553,3559,3567,3570,3575,3584,3591,3597,3602,3608,3612,3616,3625,3631,3631,3636,3643,3652,3661,3664,3666,3672,3681,3690,3699,3707,3717,3725,3732,3739,3750,3760,3773,3784,3794,3807,3819,3833,3846,3860,3874,3890,3905,3920,3940,3958,3970,3987,4001,4016,4030,4049,4067,4081,4096,4109,4118,4127,4130,4128,4119,4107,4095,4084,4073,4066,4057
3177,3182,3189,3197,3207,3219,3227,3232,3238,3245,3250,3254,3254,3257,3258,3259,3262,3267,3273,3275,3275,3278,3278,3273,3271,3271,3271,3273,3280,3287,3291,3292,3296,3302,3305,3307,3309,3310,3309,3311,3312,3312,3309,3306,3302,3299,3298,3294,3294,3294,3296,3298,3295,3292,3293,3293,3295,3298,3303,3312,3323,3334,3344,3351,3358,3362,3367,3378,3384,3391,3400,3407,3413,3420,3429,3441,3449,3457,3464,3468,3479,3492,3502,3509,3514,3521,3532,3540,3547,3553,3552,3552,3558,3562,3569,3576,3587,3594,3598,3604,3610,3617,3627,3634,3639,3644,3655,3665,3672,3681,3689,3700,3711,3723,3733,3745,3755,3763,3771,3776,3780,3781,3777,3774,3770,3764,3759,3752,3745,3740,3729,3719,3710,3700,3686,3673,3662,3658,3655,3652,3655,3656,3657,3659,3658,3655,3653,3651,3655,3660,3660,3658,3658,3654,3649,3646,3642,3635,3626,3613,3598,3584,3575,3567,3554,3544,3535,3526,3518,3511,3502,3496,3492,3486,3480,3476,3472,3473,3479,3489,3501,3517,3528,3538,3546,3551,3553,3554,3554,3553,3556,3563,3571,3577,3582,3589,3594,3598,3608,3613,3617,3623,3632,3637,3640,3643,3653,3660,3665,3668,3674,3681,3688,3697,3707,3716,3724,3732,3742,3752,3762,3776,3789,3798,3808,3821,3835,3849,3864,3876,3887,3905,3921,3934,3951,3967,3984,3998,4013,4027,4044,4061,4077,4093,4106,4116,4122,4124,4122,4112,4101,4090,4080,4071,4065,4057
3177,3182,3189,3196,3202,3214,3225,3232,3236,3242,3247,3250,3252,3254,3257,3257,3259,3264,3271,3275,3277,3283,3284,3280,3275,3272,3272,3276,3284,3290,3293,3295,3297,3301,3305,3308,3310,3312,3314,3314,3315,3313,3310,3309,3306,3303,3302,3299,3300,3304,3307,3308,3305,3301,3300,3296,3292,3294,3300,3308,3320,3331,3341,3348,3354,3359,3365,3373,3378,3386,3397,3406,3413,3420,3428,3439,3447,3454,3462,3469,3478,3489,3498,3504,3510,3518,3528,3534,3537,3542,3542,3542,3546,3552,3560,3567,3575,3585,3590,3596,3601,3606,3617,3627,3634,3640,3650,3659,3667,3676,3687,3697,3709,3720,3729,3740,3749,3757,3765,3771,3774,3775,3773,3770,3768,3763,3758,3751,3742,3736,3727,3719,3711,3702,3691,3678,3673,3668,3663,3662,3664,3664,3666,3666,3666,3666,3664,3664,3664,3665,3665,3666,3665,3659,3651,3648,3644,3640,3632,3620,3603,3588,3578,3571,3561,3552,3541,3531,3523,3515,3505,3497,3494,3490,3482,3477,3473,3474,3477,3489,3502,3515,3526,3535,3543,3551,3554,3555,3556,3557,3558,3564,3571,3579,3585,3591,3596,3601,3608,3614,3619,3623,3633,3641,3645,3649,3656,3664,3669,3675,3683,3690,3695,3703,3712,3718,3723,3732,3742,3752,3760,3772,3783,3797,3812,3827,3838,3851,3864,3876,3888,3903,3921,3936,3951,3966,3984,3997,4011,4026,4045,4060,4075,4091,4104,4112,4117,4119,4115,4107,4097,4087,4077,4068,4064,4060
3174,3180,3186,3192,3198,3209,3220,3226,3231,3238,3244,3246,3247,3251,3254,3255,3258,3264,3270,3275,3280,3286,3289,3288,3284,3279,3276,3280,3288,3292,3295,3298,3301,3301,3304,3310,3313,3317,3318,3320,3322,3318,3316,3314,3312,3308,3310,3310,3311,3317,3318,3315,3311,3308,3307,3303,3296,3294,3298,3308,3320,3330,3337,3342,3349,3357,3363,3370,3378,3384,3395,3404,3411,3419,3429,3438,3445,3454,3462,3470,3478,3485,3494,3499,3505,3515,3521,3527,3530,3531,3532,3533,3538,3544,3550,3558,3564,3572,3579,3588,3594,3601,3611,3622,3630,3637,3647,3657,3666,3678,3685,3696,3707,3717,3725,3735,3742,3750,3758,3764,3767,3769,3768,3765,3762,3758,3754,3749,3741,3733,3728,3723,3714,3704,3696,3690,3687,3681,3675,3674,3674,3675,3675,3674,3673,3672,3671,3670,3670,3670,3672,3674,3673,3665,3657,3650,3645,3642,3635,3624,3606,3590,3581,3574,3564,3555,3546,3535,3526,3520,3511,3502,3499,3496,3487,3479,3475,3476,3480,3488,3500,3512,3522,3531,3542,3551,3557,3560,3562,3564,3566,3569,3573,3582,3588,3595,3602,3606,3612,3618,3622,3629,3639,3646,3651,3656,3663,3669,3675,3682,3690,3698,3704,3710,3718,3725,3728,3734,3743,3751,3759,3771,3783,3795,3809,3824,3836,3851,3865,3875,3888,3903,3922,3938,3952,3966,3984,4000,4014,4029,4046,4060,4073,4088,4101,4109,4114,4115,4113,4104,4095,4084,4074,4065,4062,4059
3172,3178,3182,3187,3195,3205,3211,3218,3226,3232,3237,3240,3240,3243,3249,3252,3257,3263,3271,3277,3280,3285,3287,3289,3290,3287,3284,3288,3292,3295,3297,3301,3304,3304,3306,3313,3318,3322,3324,3327,3328,3323,3320,3318,3317,3316,3318,3320,3321,3323,3324,3321,3319,3316,3315,3313,3306,3300,3301,3308,3318,3326,3331,3336,3346,3355,3362,3369,3376,3384,3394,3404,3411,3420,3430,3439,3446,3455,3462,3470,3477,3483,3489,3496,3502,3509,3514,3519,3522,3519,3522,3526,3531,3537,3542,3549,3555,3562,3570,3579,3589,3599,3610,3619,3628,3636,3645,3655,3669,3681,3688,3696,3708,3715,3722,3729,3734,3743,3749,3754,3756,3759,3759,3759,3759,3758,3754,3751,3745,3737,3732,3726,3718,3708,3699,3698,3696,3691,3685,3684,3683,3682,3682,3681,3678,3679,3680,3679,3678,3677,3675,3676,3674,3670,3662,3655,3648,3642,3636,3626,3608,3593,3583,3576,3566,3558,3550,3539,3529,3522,3514,3506,3501,3496,3489,3481,3477,3478,3480,3485,3494,3509,3519,3528,3539,3552,3558,3564,3567,3571,3573,3575,3578,3585,3590,3598,3607,3611,3615,3620,3628,3637,3645,3650,3654,3659,3666,3672,3678,3686,3694,3701,3706,3713,3723,3729,3733,3738,3744,3752,3762,3773,3783,3794,3805,3819,3835,3853,3866,3876,3887,3902,3921,3938,3953,3969,3987,4002,4017,4032,4045,4060,4073,4084,4097,4105,4110,4112,4110,4105,4097,4088,4075,4066,4062,4059
3173,3177,3180,3184,3191,3199,3205,3213,3219,3224,3227,3233,3235,3240,3246,3251,3255,3261,3269,3273,3276,3279,3283,3287,3292,3294,3296,3298,3299,3300,3300,3303,3308,3310,3311,3317,3324,3329,3330,3331,3331,3326,3324,3325,3326,3327,3327,3329,3330,3329,3329,3326,3326,3326,3324,3324,3319,3311,3306,3307,3314,3320,3327,3332,3342,3353,3359,3368,3374,3383,3392,3402,3413,3422,3430,3439,3446,3454,3461,3469,3476,3481,3486,3493,3499,3504,3506,3510,3510,3508,3513,3519,3525,3530,3535,3540,3547,3555,3565,3575,3585,3596,3606,3617,3629,3639,3646,3656,3668,3682,3692,3701,3712,3717,3721,3725,3730,3738,3743,3747,3747,3748,3749,3752,3757,3757,3755,3753,3748,3741,3736,3731,3727,3718,3708,3708,3707,3702,3695,3694,3691,3690,3690,3689,3687,3689,3692,3687,3685,3683,3680,3676,3674,3672,3666,3658,3651,3643,3638,3630,3611,3594,3585,3578,3570,3562,3553,3544,3535,3526,3517,3508,3502,3496,3490,3483,3480,3480,3480,3483,3493,3508,3519,3528,3537,3549,3559,3567,3572,3576,3577,3580,3584,3589,3593,3600,3609,3612,3615,3621,3630,3640,3648,3654,3657,3659,3666,3672,3679,3686,3696,3702,3706,3713,3722,3729,3734,3740,3745,3755,3765,3774,3783,3795,3808,3822,3837,3853,3866,3876,3888,3904,3922,3939,3953,3968,3988,4002,4016,4029,4046,4060,4071,4082,4093,4102,4108,4109,4109,4106,4102,4093,4080,4075,4067,4062
3175,3179,3181,3185,3191,3198,3202,3207,3213,3217,3221,3229,3234,3239,3244,3249,3253,3259,3264,3269,3273,3276,3281,3288,3295,3301,3304,3305,3308,3308,3307,3307,3311,3316,3318,3322,3328,3333,3335,3336,3335,3331,3332,3334,3335,3336,3337,3338,3338,3337,3335,3331,3330,3333,3332,3332,3330,3323,3313,3308,3311,3316,3323,3328,3337,3347,3357,3366,3373,3381,3389,3400,3413,3425,3431,3439,3446,3453,3461,3469,3475,3478,3483,3488,3493,3497,3496,3498,3499,3500,3504,3512,3518,3521,3526,3534,3542,3550,3562,3573,3584,3592,3602,3616,3632,3645,3653,3659,3668,3683,3698,3707,3715,3720,3721,3724,3727,3733,3737,3739,3738,3739,3740,3745,3753,3755,3754,3753,3749,3745,3742,3738,3733,3727,3719,3718,3719,3717,3709,3709,3707,3703,3700,3696,3696,3700,3702,3697,3694,3691,3687,3682,3678,3675,3669,3662,3654,3645,3641,3631,3612,3595,3587,3580,3573,3566,3556,3547,3537,3529,3520,3513,3505,3498,3494,3489,3485,3482,3480,3481,3491,3509,3521,3531,3540,3550,3560,3568,3574,3578,3579,3582,3587,3590,3594,3600,3608,3614,3618,3625,3633,3640,3649,3656,3659,3661,3667,3675,3681,3689,3698,3704,3709,3716,3722,3728,3734,3741,3747,3756,3766,3776,3788,3803,3815,3827,3839,3852,3867,3878,3890,3906,3923,3940,3954,3967,3987,4002,4014,4028,4045,4058,4070,4081,4092,4100,4106,4108,4108,4109,4105,4098,4090,4083,4075,4068
3183,3187,3188,3191,3195,3198,3201,3204,3209,3214,3219,3226,3231,3235,3240,3246,3253,3258,3261,3266,3273,3277,3282,3290,3299,3305,3309,3311,3313,3315,3313,3310,3314,3318,3321,3325,3330,3336,3344,3347,3344,3339,3340,3342,3342,3341,3342,3343,3345,3346,3344,3341,3340,3341,3340,3339,3338,3334,3323,3315,3315,3319,3322,3327,3333,3342,3352,3362,3372,3381,3388,3399,3412,3425,3433,3440,3446,3453,3461,3468,3471,3474,3478,3482,3485,3488,3488,3488,3490,3492,3497,3505,3512,3515,3521,3529,3540,3547,3557,3571,3583,3592,3604,3618,3635,3649,3658,3666,3675,3686,3701,3708,3715,3720,3721,3723,3723,3723,3727,3728,3728,3732,3735,3741,3750,3753,3752,3752,3749,3748,3747,3741,3735,3729,3724,3726,3728,3727,3725,3723,3720,3717,3711,3708,3707,3712,3712,3708,3704,3700,3695,3689,3685,3680,3674,3666,3658,3650,3642,3633,3616,3601,3591,3583,3575,3567,3557,3548,3539,3532,3524,3517,3509,3501,3498,3496,3492,3486,3481,3481,3488,3505,3521,3533,3541,3550,3560,3567,3572,3576,3580,3583,3586,3590,3596,3603,3610,3617,3622,3628,3633,3638,3648,3656,3663,3666,3671,3678,3683,3690,3699,3707,3712,3718,3723,3729,3734,3741,3749,3758,3767,3776,3788,3807,3820,3828,3837,3851,3867,3878,3892,3909,3926,3944,3957,3969,3987,4002,4017,4032,4046,4056,4068,4080,4092,4098,4103,4106,4108,4110,4106,4102,4099,4091,4084,4079
3194,3196,3197,3199,3200,3200,3201,3204,3208,3212,3218,3223,3226,3231,3238,3246,3252,3257,3262,3266,3275,3281,3286,3293,3302,3307,3312,3313,3314,3316,3314,3312,3315,3320,3322,3325,3331,3340,3349,3354,3353,3348,3347,3348,3347,3345,3344,3347,3350,3354,3356,3354,3352,3348,3347,3346,3344,3341,3333,3325,3323,3324,3324,3327,3332,3339,3350,3360,3370,3380,3390,3399,3412,3425,3432,3439,3445,3451,3459,3465,3467,3470,3473,3474,3475,3479,3480,3480,3483,3487,3492,3500,3508,3513,3521,3529,3539,3548,3559,3573,3586,3596,3609,3624,3638,3651,3661,3671,3681,3694,3706,3712,3716,3720,3722,3723,3720,3713,3716,3718,3721,3728,3732,3737,3748,3751,3750,3749,3750,3749,3747,3742,3738,3732,3732,3733,3733,3734,3737,3735,3732,3729,3724,3722,3721,3724,3724,3719,3714,3710,3702,3695,3689,3683,3677,3670,3659,3650,3641,3634,3620,3606,3595,3587,3577,3569,3560,3550,3540,3534,3528,3521,3514,3506,3504,3503,3497,3491,3486,3485,3490,3506,3523,3534,3542,3550,3559,3566,3569,3576,3581,3583,3586,3590,3598,3605,3612,3620,3626,3631,3634,3637,3647,3657,3667,3671,3676,3681,3686,3692,3701,3710,3716,3721,3726,3730,3735,3743,3753,3763,3770,3777,3786,3804,3819,3827,3836,3851,3868,3879,3893,3911,3932,3949,3961,3971,3989,4003,4019,4036,4049,4058,4067,4078,4088,4094,4099,4103,4106,4108,4106,4104,4105,4100,4093,4088
3201,3203,3204,3205,3203,3203,3204,3206,3209,3214,3220,3224,3226,3233,3241,3247,3252,3259,3265,3270,3279,3285,3290,3295,3300,3306,3310,3313,3314,3316,3316,3316,3318,3321,3323,3327,3334,3343,3351,3357,3359,3356,3355,3355,3353,3350,3348,3350,3355,3360,3364,3364,3359,3353,3352,3352,3350,3347,3338,3333,3331,3328,3325,3326,3330,3338,3350,3359,3368,3379,3391,3401,3411,3423,3431,3439,3446,3451,3456,3461,3462,3465,3466,3465,3466,3470,3474,3475,3478,3483,3490,3499,3508,3514,3524,3531,3542,3553,3565,3579,3594,3605,3615,3628,3642,3654,3663,3673,3687,3701,3711,3717,3719,3720,3721,3720,3716,3705,3707,3712,3715,3724,3731,3736,3744,3749,3748,3747,3749,3750,3747,3744,3743,3741,3742,3740,3741,3744,3747,3745,3743,3740,3737,3736,3736,3735,3734,3729,3724,3718,3708,3699,3691,3684,3679,3672,3660,3648,3639,3632,3619,3606,3597,3589,3580,3571,3563,3554,3543,3536,3530,3524,3518,3513,3509,3504,3498,3495,3493,3489,3491,3507,3523,3534,3542,3550,3559,3565,3567,3575,3582,3586,3587,3590,3597,3604,3611,3622,3630,3633,3635,3636,3644,3656,3666,3672,3679,3685,3690,3697,3704,3712,3718,3724,3729,3732,3736,3744,3753,3764,3773,3780,3790,3803,3815,3825,3838,3852,3869,3882,3892,3911,3934,3951,3962,3972,3990,4005,4021,4037,4050,4060,4068,4077,4085,4091,4096,4101,4104,4104,4103,4106,4110,4108,4104,4096
3203,3209,3211,3209,3207,3207,3209,3212,3214,3219,3224,3229,3232,3239,3245,3249,3254,3262,3268,3273,3282,3287,3292,3296,3299,3303,3307,3310,3312,3314,3318,3319,3320,3323,3326,3332,3338,3344,3351,3359,3363,3363,3363,3363,3362,3358,3356,3356,3360,3366,3371,3370,3365,3360,3358,3357,3355,3351,3345,3341,3338,3335,3329,3326,3328,3334,3345,3356,3367,3377,3388,3400,3408,3420,3431,3439,3446,3449,3452,3454,3455,3456,3456,3456,3459,3463,3467,3470,3475,3482,3491,3499,3509,3517,3527,3534,3545,3558,3570,3584,3601,3611,3619,3630,3646,3659,3667,3677,3692,3705,3710,3716,3719,3718,3716,3714,3707,3698,3700,3705,3709,3719,3728,3734,3740,3744,3745,3746,3747,3749,3747,3745,3749,3750,3750,3748,3751,3753,3755,3755,3754,3754,3752,3751,3749,3744,3740,3736,3731,3724,3713,3702,3695,3686,3679,3672,3659,3647,3637,3629,3617,3606,3599,3591,3582,3571,3564,3556,3545,3537,3530,3524,3518,3514,3508,3501,3498,3497,3496,3492,3491,3504,3518,3530,3539,3549,3558,3564,3567,3573,3582,3586,3586,3590,3597,3605,3613,3624,3631,3634,3636,3637,3644,3655,3664,3669,3677,3686,3693,3699,3706,3712,3718,3726,3731,3734,3737,3742,3750,3761,3773,3783,3793,3802,3810,3822,3838,3853,3870,3884,3894,3912,3933,3948,3960,3972,3990,4006,4022,4037,4048,4060,4069,4077,4087,4091,4094,4100,4105,4104,4105,4109,4113,4113,4113,4107
3206,3212,3214,3211,3210,3211,3215,3218,3219,3221,3226,3231,3237,3243,3247,3249,3255,3264,3270,3276,3284,3288,3292,3296,3299,3301,3303,3305,3306,3310,3317,3320,3322,3324,3330,3337,3341,3346,3355,3364,3367,3368,3370,3371,3371,3368,3365,3366,3370,3375,3377,3377,3374,3370,3365,3362,3359,3355,3351,3349,3345,3342,3335,3330,3329,3332,3341,3351,3363,3374,3384,3394,3403,3415,3427,3436,3442,3444,3445,3445,3446,3447,3448,3449,3452,3457,3460,3465,3472,3481,3490,3499,3509,3519,3528,3537,3549,3562,3574,3587,3602,3612,3621,3633,3648,3662,3672,3682,3695,3703,3706,3712,3717,3716,3710,3704,3699,3695,3695,3698,3703,3713,3721,3728,3734,3738,3743,3745,3746,3747,3746,3747,3751,3755,3755,3756,3758,3760,3762,3763,3763,3764,3761,3759,3756,3749,3745,3740,3734,3728,3718,3705,3696,3687,3678,3672,3660,3648,3638,3626,3616,3607,3600,3593,3583,3573,3566,3557,3546,3538,3531,3524,3518,3512,3504,3500,3499,3498,3496,3492,3491,3500,3513,3525,3536,3547,3556,3564,3568,3573,3580,3583,3585,3593,3600,3607,3614,3623,3631,3636,3640,3644,3649,3657,3665,3669,3677,3687,3694,3699,3707,3713,3719,3727,3733,3735,3738,3743,3751,3764,3775,3786,3795,3801,3807,3820,3836,3853,3871,3884,3897,3915,3934,3947,3960,3973,3989,4003,4020,4035,4048,4060,4069,4079,4089,4093,4096,4105,4112,4112,4111,4115,4116,4114,4116,4115
3207,3210,3211,3210,3210,3213,3217,3221,3221,3221,3225,3231,3236,3242,3245,3247,3253,3262,3270,3278,3284,3287,3289,3292,3296,3297,3298,3299,3300,3305,3314,3320,3324,3325,3329,3338,3345,3354,3365,3373,3375,3374,3376,3378,3378,3378,3376,3378,3383,3385,3384,3385,3383,3377,3373,3369,3365,3360,3356,3354,3351,3348,3342,3335,3331,3332,3338,3347,3358,3368,3378,3387,3397,3409,3420,3428,3435,3436,3436,3436,3438,3439,3442,3444,3447,3451,3456,3460,3469,3480,3488,3496,3508,3519,3530,3539,3553,3565,3576,3586,3599,3611,3622,3636,3649,3660,3672,3683,3694,3700,3703,3707,3712,3711,3703,3695,3693,3693,3691,3693,3698,3708,3715,3721,3728,3733,3739,3742,3742,3744,3747,3751,3754,3757,3758,3762,3765,3766,3767,3768,3767,3767,3766,3763,3760,3755,3750,3743,3737,3731,3722,3708,3696,3687,3679,3670,3660,3649,3638,3625,3614,3607,3600,3594,3583,3576,3570,3560,3549,3542,3535,3527,3521,3513,3506,3504,3505,3500,3495,3490,3491,3500,3511,3523,3535,3546,3555,3562,3568,3574,3579,3582,3586,3595,3601,3607,3614,3621,3631,3638,3644,3648,3653,3661,3668,3673,3679,3687,3695,3701,3708,3715,3719,3727,3733,3736,3740,3747,3756,3768,3777,3786,3795,3800,3806,3819,3834,3852,3868,3883,3899,3917,3935,3948,3962,3974,3988,4003,4019,4035,4050,4062,4069,4079,4090,4095,4099,4109,4119,4119,4117,4119,4120,4114,4112,4112
3203,3204,3206,3208,3208,3211,3215,3219,3220,3220,3223,3227,3231,3236,3239,3242,3248,3258,3268,3277,3283,3285,3284,3286,3289,3291,3293,3294,3296,3304,3313,3320,3327,3329,3332,3343,3355,3366,3376,3381,3383,3382,3384,3385,3384,3385,3386,3389,3392,3393,3392,3394,3391,3384,3380,3376,3372,3367,3361,3359,3357,3352,3349,3343,3337,3334,3336,3342,3351,3362,3374,3384,3393,3404,3413,3419,3424,3427,3428,3428,3429,3431,3435,3439,3444,3448,3454,3459,3468,3478,3487,3496,3507,3520,3532,3542,3556,3566,3574,3584,3597,3609,3621,3636,3648,3657,3667,3680,3690,3699,3701,3703,3704,3702,3695,3689,3688,3688,3687,3690,3695,3701,3708,3716,3723,3729,3734,3736,3738,3742,3748,3754,3757,3759,3763,3769,3772,3773,3773,3771,3769,3768,3768,3766,3764,3763,3758,3749,3741,3733,3724,3711,3698,3689,3680,3668,3656,3645,3634,3620,3609,3604,3599,3594,3584,3578,3572,3562,3553,3547,3539,3530,3522,3516,3510,3508,3508,3502,3495,3491,3492,3500,3510,3521,3532,3544,3552,3561,3569,3574,3579,3582,3587,3595,3601,3607,3615,3622,3631,3638,3643,3647,3653,3662,3669,3674,3681,3687,3693,3699,3708,3714,3718,3725,3733,3738,3744,3750,3757,3767,3775,3784,3792,3798,3806,3817,3832,3848,3864,3883,3899,3916,3935,3950,3964,3975,3989,4006,4022,4035,4048,4060,4068,4078,4086,4092,4098,4107,4118,4120,4120,4121,4120,4111,4102,4097
3197,3196,3198,3203,3204,3207,3210,3214,3216,3216,3218,3221,3224,3229,3234,3237,3242,3253,3264,3274,3281,3283,3279,3277,3280,3284,3288,3291,3296,3305,3314,3323,3332,3338,3341,3352,3365,3375,3380,3385,3388,3390,3391,3391,3389,3390,3393,3396,3398,3399,3399,3401,3399,3392,3386,3382,3379,3376,3369,3365,3361,3358,3356,3352,3345,3339,3339,3341,3347,3358,3371,3381,3389,3399,3407,3411,3413,3417,3419,3420,3422,3425,3428,3434,3442,3448,3455,3462,3469,3478,3488,3498,3509,3521,3534,3543,3557,3566,3572,3582,3596,3609,3620,3634,3647,3655,3664,3676,3686,3695,3697,3697,3695,3691,3688,3686,3684,3684,3684,3688,3691,3696,3703,3711,3719,3725,3728,3731,3734,3739,3745,3750,3755,3760,3768,3774,3778,3779,3779,3774,3770,3770,3772,3770,3769,3768,3764,3755,3746,3736,3725,3713,3702,3691,3680,3666,3651,3638,3628,3614,3605,3602,3598,3593,3585,3579,3573,3564,3556,3549,3541,3533,3525,3518,3512,3508,3509,3505,3499,3496,3495,3500,3508,3518,3529,3542,3551,3560,3570,3574,3577,3581,3586,3592,3599,3608,3616,3623,3630,3637,3641,3645,3653,3661,3668,3673,3680,3686,3690,3695,3704,3711,3717,3723,3732,3741,3746,3751,3758,3767,3774,3782,3789,3796,3805,3816,3830,3844,3862,3882,3898,3916,3936,3952,3965,3976,3991,4007,4023,4034,4046,4057,4067,4076,4081,4086,4092,4103,4114,4119,4119,4120,4116,4104,4089,4078
3189,3188,3189,3194,3198,3202,3205,3210,3211,3211,3212,3217,3221,3225,3229,3231,3235,3246,3258,3267,3277,3280,3275,3270,3273,3279,3285,3289,3298,3308,3317,3327,3336,3344,3350,3359,3370,3378,3383,3387,3393,3396,3395,3395,3394,3394,3397,3401,3404,3405,3405,3407,3406,3399,3393,3388,3384,3382,3376,3370,3367,3364,3363,3361,3353,3346,3344,3344,3349,3357,3366,3375,3383,3393,3401,3403,3405,3409,3412,3415,3418,3422,3425,3432,3441,3449,3457,3466,3473,3480,3489,3499,3510,3520,3532,3542,3555,3565,3571,3582,3596,3607,3618,3630,3641,3652,3660,3671,3680,3687,3690,3688,3685,3683,3681,3681,3680,3681,3682,3686,3689,3693,3700,3706,3714,3720,3723,3727,3732,3736,3739,3743,3750,3759,3768,3775,3779,3782,3783,3779,3774,3774,3777,3776,3773,3771,3767,3760,3751,3740,3728,3716,3704,3692,3679,3661,3645,3633,3624,3612,3604,3600,3597,3590,3584,3580,3575,3568,3560,3551,3543,3537,3529,3522,3515,3510,3510,3509,3506,3504,3501,3501,3506,3515,3527,3541,3550,3560,3570,3573,3575,3580,3586,3590,3598,3607,3615,3622,3628,3635,3640,3645,3653,3660,3668,3674,3679,3684,3688,3694,3700,3708,3715,3722,3730,3740,3746,3752,3759,3768,3775,3782,3788,3795,3804,3815,3828,3843,3860,3881,3899,3916,3936,3952,3964,3978,3993,4008,4022,4033,4044,4056,4066,4074,4079,4084,4089,4101,4112,4117,4116,4115,4109,4096,4078,4063
3180,3180,3182,3186,3191,3196,3199,3204,3206,3206,3208,3214,3218,3219,3221,3223,3228,3237,3249,3259,3269,3274,3272,3268,3271,3277,3283,3291,3304,3315,3322,3331,3339,3348,3356,3362,3369,3379,3384,3389,3395,3397,3397,3398,3400,3399,3401,3404,3408,3409,3409,3410,3408,3403,3397,3392,3387,3385,3380,3374,3371,3372,3370,3368,3360,3350,3347,3346,3350,3355,3361,3370,3379,3389,3394,3396,3398,3401,3405,3410,3417,3421,3426,3433,3441,3449,3457,3466,3473,3481,3489,3498,3508,3518,3528,3537,3550,3561,3568,3579,3592,3603,3614,3625,3634,3646,3655,3663,3672,3677,3679,3677,3674,3674,3673,3673,3674,3676,3679,3684,3686,3690,3698,3703,3710,3715,3720,3725,3730,3734,3736,3740,3748,3755,3765,3773,3780,3783,3784,3783,3780,3780,3781,3780,3776,3773,3769,3762,3754,3745,3733,3718,3705,3694,3679,3658,3639,3629,3622,3612,3603,3600,3597,3590,3585,3582,3579,3574,3564,3554,3546,3539,3533,3526,3520,3515,3512,3509,3509,3507,3504,3501,3505,3514,3526,3540,3551,3561,3569,3573,3575,3580,3585,3590,3596,3604,3612,3619,3625,3632,3638,3643,3652,3659,3665,3672,3677,3682,3686,3692,3699,3705,3712,3720,3727,3736,3743,3750,3759,3769,3774,3781,3789,3797,3805,3813,3824,3843,3859,3878,3899,3916,3933,3948,3963,3977,3993,4007,4019,4030,4042,4053,4063,4070,4078,4085,4092,4101,4110,4113,4109,4104,4096,4085,4067,4051
3172,3174,3179,3182,3184,3188,3192,3196,3199,3199,3200,3207,3210,3211,3212,3216,3221,3228,3237,3248,3260,3266,3266,3266,3270,3276,3284,3294,3309,3322,3330,3337,3345,3353,3359,3364,3370,3379,3386,3392,3396,3398,3399,3402,3405,3407,3406,3407,3411,3413,3414,3413,3410,3404,3398,3391,3386,3385,3382,3378,3375,3376,3378,3376,3366,3355,3349,3347,3350,3354,3360,3367,3374,3382,3388,3390,3392,3394,3397,3406,3416,3421,3425,3432,3440,3447,3456,3464,3472,3480,3489,3497,3505,3514,3525,3534,3543,3554,3563,3576,3588,3597,3607,3617,3630,3641,3649,3655,3662,3667,3668,3666,3665,3666,3665,3666,3667,3669,3674,3679,3682,3685,3693,3700,3705,3709,3716,3722,3727,3730,3736,3740,3747,3754,3762,3772,3780,3784,3788,3789,3788,3788,3788,3785,3779,3776,3773,3765,3756,3748,3737,3721,3707,3696,3681,3658,3638,3627,3620,3612,3604,3602,3601,3596,3590,3587,3583,3578,3570,3558,3548,3542,3536,3529,3523,3518,3511,3504,3504,3505,3503,3501,3505,3513,3525,3540,3551,3561,3568,3572,3575,3579,3585,3590,3595,3602,3609,3616,3623,3630,3635,3641,3652,3657,3661,3666,3675,3681,3684,3690,3696,3704,3710,3717,3725,3733,3741,3748,3757,3768,3776,3781,3788,3797,3805,3810,3820,3841,3859,3878,3897,3914,3928,3944,3960,3975,3992,4004,4014,4025,4037,4047,4057,4066,4075,4084,4093,4101,4108,4108,4098,4086,4077,4067,4051,4036
3166,3170,3176,3180,3179,3180,3183,3188,3191,3191,3191,3199,3202,3202,3204,3209,3217,3221,3227,3237,3251,3258,3261,3264,3270,3278,3288,3298,3312,3324,3334,3341,3349,3356,3361,3365,3371,3379,3388,3394,3398,3399,3402,3407,3410,3413,3413,3414,3417,3421,3420,3418,3413,3407,3400,3393,3387,3386,3385,3381,3380,3383,3384,3382,3375,3365,3359,3354,3353,3354,3358,3363,3370,3377,3383,3386,3388,3390,3394,3405,3415,3419,3423,3430,3439,3446,3456,3465,3471,3478,3488,3496,3504,3513,3523,3532,3540,3549,3558,3572,3585,3592,3599,3609,3622,3634,3642,3647,3652,3655,3657,3655,3655,3656,3656,3658,3660,3663,3667,3673,3677,3679,3687,3696,3701,3704,3710,3718,3722,3726,3732,3739,3746,3753,3760,3768,3779,3787,3792,3795,3795,3794,3793,3789,3782,3779,3776,3768,3759,3750,3740,3725,3708,3695,3680,3661,3642,3629,3620,3614,3609,3607,3608,3604,3598,3592,3587,3583,3574,3561,3551,3544,3538,3532,3526,3521,3510,3500,3500,3503,3502,3501,3507,3515,3525,3538,3549,3557,3564,3571,3575,3579,3584,3588,3594,3601,3607,3615,3622,3629,3634,3642,3651,3656,3658,3662,3672,3680,3684,3688,3694,3703,3710,3716,3725,3735,3742,3748,3754,3767,3777,3783,3788,3796,3803,3809,3818,3836,3855,3876,3895,3911,3924,3938,3956,3972,3990,4001,4010,4020,4032,4043,4052,4061,4073,4083,4090,4097,4103,4098,4081,4065,4055,4044,4028,4014
3160,3166,3172,3174,3173,3172,3174,3180,3185,3186,3187,3191,3195,3197,3200,3205,3215,3220,3224,3234,3248,3256,3262,3267,3274,3285,3296,3305,3316,3326,3336,3345,3351,3358,3362,3366,3374,3383,3390,3395,3400,3402,3406,3411,3414,3416,3418,3419,3423,3426,3425,3421,3416,3408,3403,3398,3393,3392,3390,3388,3390,3392,3390,3389,3384,3378,3371,3365,3361,3358,3357,3361,3368,3373,3378,3383,3387,3390,3396,3406,3415,3418,3421,3428,3439,3445,3455,3465,3471,3478,3488,3497,3507,3514,3523,3532,3540,3546,3554,3568,3580,3587,3592,3600,3612,3624,3632,3637,3641,3643,3644,3643,3645,3647,3647,3649,3653,3656,3662,3668,3671,3675,3684,3692,3698,3701,3705,3712,3719,3723,3730,3738,3746,3753,3761,3769,3777,3786,3793,3798,3798,3794,3792,3790,3786,3783,3779,3771,3760,3751,3743,3727,3710,3695,3679,3663,3647,3633,3624,3620,3617,3616,3613,3608,3603,3596,3591,3587,3579,3567,3557,3549,3542,3535,3530,3525,3515,3505,3502,3504,3505,3504,3506,3513,3522,3536,3546,3553,3559,3567,3573,3577,3581,3585,3593,3599,3605,3612,3621,3629,3637,3645,3650,3654,3658,3662,3670,3679,3684,3689,3694,3702,3709,3716,3725,3734,3740,3746,3751,3764,3775,3782,3788,3796,3803,3808,3817,3835,3853,3874,3893,3909,3923,3935,3949,3968,3988,3998,4006,4017,4029,4040,4050,4059,4071,4082,4088,4093,4095,4083,4062,4047,4036,4022,4005,3992
3153,3159,3162,3164,3166,3168,3170,3175,3182,3184,3186,3189,3193,3198,3202,3208,3214,3221,3226,3237,3252,3263,3271,3277,3285,3295,3304,3312,3320,3328,3337,3347,3356,3362,3366,3371,3381,3393,3397,3399,3404,3408,3410,3414,3416,3420,3422,3423,3425,3428,3427,3423,3417,3410,3406,3403,3400,3400,3398,3397,3400,3402,3401,3399,3392,3386,3379,3372,3369,3366,3363,3363,3367,3372,3377,3384,3390,3395,3400,3409,3416,3419,3423,3431,3441,3447,3455,3466,3473,3479,3487,3498,3508,3513,3521,3530,3539,3543,3552,3565,3575,3581,3586,3592,3604,3615,3622,3627,3630,3630,3631,3633,3634,3638,3639,3641,3645,3650,3658,3664,3667,3671,3679,3690,3695,3698,3701,3708,3715,3722,3731,3740,3749,3756,3764,3771,3779,3787,3795,3799,3799,3796,3793,3795,3793,3789,3782,3774,3764,3755,3744,3729,3713,3694,3680,3666,3652,3639,3630,3627,3626,3623,3619,3614,3608,3602,3597,3592,3584,3575,3567,3558,3547,3540,3535,3530,3522,3515,3508,3508,3507,3505,3506,3511,3517,3530,3542,3547,3553,3562,3570,3575,3578,3584,3592,3598,3603,3609,3618,3627,3636,3643,3648,3652,3657,3661,3668,3677,3684,3689,3693,3699,3706,3714,3721,3730,3736,3743,3750,3761,3771,3779,3787,3794,3799,3803,3813,3831,3851,3872,3890,3905,3919,3931,3945,3962,3983,3994,4002,4012,4024,4034,4046,4056,4065,4078,4087,4090,4087,4070,4050,4035,4027,4011,3991,3974
3151,3157,3159,3161,3165,3168,3171,3176,3181,3184,3187,3191,3198,3205,3211,3213,3217,3222,3233,3246,3260,3270,3276,3282,3291,3304,3313,3320,3325,3332,3341,3351,3359,3366,3372,3379,3391,3401,3406,3407,3408,3410,3413,3415,3418,3423,3425,3427,3429,3430,3429,3424,3418,3411,3407,3405,3405,3406,3406,3405,3408,3413,3410,3403,3397,3392,3387,3382,3379,3376,3371,3366,3367,3372,3378,3387,3395,3402,3409,3417,3422,3424,3428,3437,3445,3450,3456,3467,3475,3481,3489,3496,3504,3511,3519,3528,3536,3540,3549,3560,3568,3574,3579,3586,3598,3609,3614,3617,3619,3620,3623,3626,3626,3627,3631,3636,3642,3648,3655,3662,3666,3670,3676,3684,3692,3697,3701,3704,3713,3723,3733,3742,3749,3756,3763,3771,3780,3787,3796,3800,3801,3800,3800,3801,3799,3796,3787,3778,3769,3760,3747,3730,3710,3692,3681,3671,3657,3643,3636,3634,3632,3630,3625,3619,3613,3608,3603,3596,3587,3580,3572,3562,3551,3542,3537,3530,3524,3517,3514,3512,3508,3506,3507,3509,3514,3524,3535,3543,3551,3561,3569,3574,3578,3585,3591,3598,3603,3608,3614,3622,3631,3639,3643,3648,3653,3659,3665,3674,3682,3686,3690,3697,3702,3710,3719,3727,3733,3740,3749,3758,3766,3773,3782,3790,3795,3802,3814,3830,3847,3869,3886,3899,3913,3928,3944,3957,3977,3987,3996,4007,4018,4027,4040,4052,4059,4068,4081,4085,4078,4066,4046,4024,4015,4003,3987,3965
3158,3162,3165,3168,3170,3175,3179,3183,3186,3188,3193,3198,3207,3214,3218,3220,3221,3226,3237,3251,3264,3271,3278,3285,3300,3312,3321,3327,3332,3338,3348,3356,3363,3370,3378,3387,3399,3409,3413,3413,3412,3412,3416,3419,3423,3426,3427,3429,3431,3433,3429,3425,3420,3415,3410,3409,3409,3410,3412,3412,3414,3417,3414,3408,3403,3400,3398,3392,3387,3383,3377,3371,3370,3374,3380,3391,3400,3408,3414,3418,3423,3428,3434,3442,3449,3453,3457,3466,3474,3481,3488,3496,3503,3509,3517,3525,3534,3537,3544,3553,3559,3565,3572,3581,3590,3601,3605,3607,3608,3611,3616,3619,3619,3619,3625,3633,3640,3647,3653,3657,3665,3673,3677,3683,3691,3696,3701,3706,3713,3721,3733,3744,3751,3757,3764,3771,3779,3788,3796,3801,3804,3806,3805,3806,3804,3800,3792,3780,3770,3761,3750,3732,3710,3694,3683,3675,3664,3651,3643,3641,3639,3635,3630,3624,3617,3611,3604,3597,3588,3581,3574,3564,3555,3545,3539,3534,3529,3524,3521,3515,3508,3507,3507,3508,3514,3522,3530,3540,3550,3561,3568,3574,3577,3582,3588,3595,3602,3608,3614,3620,3627,3635,3642,3647,3651,3657,3663,3669,3677,3683,3687,3695,3701,3708,3717,3726,3730,3735,3745,3756,3761,3768,3777,3784,3792,3802,3814,3826,3842,3864,3881,3895,3909,3925,3940,3953,3968,3979,3989,4002,4013,4022,4035,4048,4057,4065,4074,4078,4079,4071,4040,4015,4001,3986,3969,3945
3167,3169,3172,3174,3177,3183,3188,3192,3194,3198,3201,3205,3212,3220,3226,3227,3227,3232,3243,3256,3266,3274,3284,3292,3304,3315,3325,3332,3339,3345,3354,3361,3368,3375,3383,3393,3403,3414,3417,3418,3417,3419,3421,3425,3427,3427,3427,3429,3431,3432,3430,3429,3426,3422,3419,3417,3416,3416,3416,3417,3417,3418,3416,3413,3410,3407,3404,3397,3392,3387,3381,3377,3374,3375,3382,3392,3399,3407,3411,3415,3421,3428,3435,3443,3450,3453,3458,3465,3474,3481,3487,3493,3502,3510,3515,3522,3529,3533,3539,3545,3551,3558,3565,3574,3582,3589,3596,3599,3599,3602,3607,3610,3613,3617,3623,3631,3638,3643,3650,3655,3660,3668,3674,3681,3689,3696,3699,3703,3708,3714,3725,3740,3751,3759,3768,3776,3782,3789,3797,3802,3806,3809,3810,3810,3808,3801,3792,3783,3772,3763,3756,3737,3712,3696,3686,3678,3669,3660,3652,3648,3646,3641,3635,3626,3620,3614,3606,3599,3589,3582,3575,3567,3558,3549,3542,3539,3535,3531,3528,3518,3507,3505,3506,3509,3515,3521,3530,3541,3552,3561,3568,3573,3576,3581,3587,3593,3600,3607,3615,3620,3625,3632,3641,3647,3651,3655,3660,3668,3676,3683,3688,3692,3697,3705,3715,3722,3727,3734,3743,3751,3758,3764,3773,3781,3788,3799,3813,3824,3838,3857,3875,3891,3903,3917,3934,3945,3957,3972,3984,3994,4007,4017,4027,4040,4056,4064,4070,4074,4072,4060,4031,4003,3990,3973,3957,3944
3175,3176,3177,3179,3184,3190,3195,3200,3206,3209,3211,3213,3220,3229,3233,3234,3234,3239,3248,3261,3275,3286,3295,3303,3309,3318,3327,3335,3343,3350,3357,3364,3370,3380,3389,3397,3405,3414,3419,3422,3423,3422,3425,3427,3428,3427,3427,3427,3429,3430,3431,3431,3428,3425,3423,3424,3426,3425,3424,3421,3420,3422,3422,3421,3420,3416,3411,3403,3397,3395,3387,3381,3376,3375,3379,3386,3394,3402,3408,3413,3419,3426,3433,3442,3449,3454,3458,3465,3473,3479,3483,3490,3501,3508,3512,3515,3521,3525,3532,3538,3544,3551,3558,3565,3573,3578,3583,3588,3590,3595,3600,3605,3610,3617,3624,3631,3634,3636,3643,3651,3657,3664,3670,3678,3687,3694,3698,3701,3706,3711,3724,3735,3743,3753,3766,3773,3779,3788,3793,3800,3804,3808,3814,3816,3811,3803,3795,3788,3778,3767,3760,3734,3709,3695,3687,3678,3670,3664,3658,3654,3650,3643,3636,3629,3622,3617,3611,3603,3591,3582,3576,3569,3561,3553,3548,3542,3537,3531,3523,3514,3508,3509,3509,3511,3515,3524,3532,3542,3553,3560,3567,3574,3578,3584,3589,3592,3599,3606,3614,3619,3623,3628,3637,3645,3651,3655,3661,3667,3676,3682,3686,3686,3691,3700,3709,3717,3724,3731,3740,3748,3754,3762,3770,3778,3784,3795,3809,3824,3839,3855,3869,3882,3896,3909,3923,3934,3947,3964,3977,3988,4001,4012,4022,4032,4047,4059,4067,4071,4069,4056,4029,4000,3984,3967,3953,3944
3183,3183,3184,3186,3191,3195,3199,3207,3213,3214,3216,3221,3228,3237,3243,3243,3245,3251,3260,3270,3282,3292,3303,3312,3320,3325,3330,3340,3344,3352,3361,3365,3372,3384,3395,3401,3406,3415,3422,3425,3424,3425,3427,3428,3428,3427,3427,3425,3423,3423,3425,3427,3426,3427,3429,3432,3435,3434,3430,3429,3429,3430,3431,3429,3427,3425,3418,3410,3404,3401,3396,3388,3381,3378,3377,3382,3388,3397,3403,3410,3417,3424,3431,3440,3446,3452,3458,3464,3472,3478,3483,3489,3498,3503,3507,3511,3514,3517,3523,3531,3539,3544,3548,3551,3559,3565,3568,3571,3580,3588,3594,3600,3607,3615,3622,3628,3632,3635,3640,3647,3656,3665,3673,3680,3686,3691,3697,3703,3707,3715,3724,3732,3739,3747,3760,3769,3778,3785,3791,3800,3806,3810,3817,3819,3814,3806,3799,3791,3783,3771,3759,3736,3714,3699,3689,3680,3671,3664,3660,3657,3652,3645,3639,3633,3626,3621,3615,3608,3595,3586,3580,3573,3564,3558,3553,3547,3543,3537,3527,3519,3514,3515,3514,3512,3515,3524,3532,3540,3551,3561,3568,3576,3579,3582,3586,3590,3596,3604,3612,3618,3621,3625,3633,3643,3650,3656,3663,3670,3676,3681,3684,3688,3692,3698,3708,3714,3721,3728,3734,3743,3750,3757,3766,3773,3780,3791,3804,3819,3837,3853,3864,3876,3891,3902,3915,3925,3939,3953,3968,3979,3993,4005,4016,4028,4040,4051,4061,4068,4069,4055,4034,4006,3986,3967,3954,3944
3190,3189,3190,3193,3196,3201,3207,3213,3216,3218,3220,3225,3233,3241,3247,3252,3258,3266,3272,3276,3283,3294,3306,3318,3325,3327,3333,3340,3347,3355,3363,3366,3372,3385,3397,3404,3408,3415,3424,3426,3425,3425,3428,3429,3429,3427,3424,3422,3418,3417,3417,3420,3423,3428,3434,3438,3439,3439,3437,3436,3436,3436,3436,3434,3433,3431,3427,3419,3414,3410,3403,3395,3389,3386,3384,3383,3388,3395,3401,3408,3415,3422,3427,3436,3443,3448,3454,3461,3470,3476,3481,3487,3493,3498,3501,3505,3509,3512,3517,3523,3529,3537,3539,3540,3546,3553,3557,3563,3573,3583,3590,3598,3605,3613,3618,3624,3630,3634,3640,3645,3654,3667,3673,3679,3684,3689,3695,3700,3705,3714,3727,3733,3739,3746,3759,3771,3780,3786,3795,3806,3812,3815,3819,3819,3813,3807,3800,3793,3784,3774,3764,3747,3723,3708,3700,3686,3677,3670,3665,3660,3655,3649,3642,3635,3630,3623,3618,3612,3601,3593,3587,3579,3568,3560,3556,3553,3550,3542,3535,3527,3521,3517,3515,3512,3514,3522,3530,3538,3550,3562,3570,3574,3577,3581,3583,3587,3593,3602,3609,3615,3620,3624,3632,3639,3646,3653,3661,3667,3671,3677,3684,3690,3694,3699,3707,3714,3719,3724,3728,3735,3746,3754,3761,3768,3773,3784,3798,3814,3832,3847,3858,3869,3883,3896,3906,3918,3933,3944,3957,3972,3985,3997,4010,4022,4035,4044,4053,4061,4063,4053,4040,4021,3998,3973,3956,3950
3199,3197,3198,3200,3204,3210,3217,3224,3224,3223,3226,3231,3238,3245,3252,3260,3266,3272,3275,3279,3288,3299,3311,3321,3327,3329,3335,3342,3347,3357,3365,3370,3379,3390,3397,3403,3409,3416,3424,3428,3427,3426,3428,3430,3430,3425,3422,3418,3414,3412,3411,3413,3419,3425,3432,3436,3441,3446,3446,3446,3443,3443,3440,3439,3438,3436,3434,3429,3424,3419,3412,3408,3405,3399,3394,3392,3392,3396,3403,3409,3414,3420,3425,3432,3440,3444,3450,3458,3466,3474,3479,3484,3487,3490,3493,3497,3502,3507,3512,3515,3521,3527,3531,3534,3540,3547,3554,3561,3569,3581,3590,3596,3602,3610,3616,3621,3627,3635,3640,3646,3654,3663,3670,3675,3681,3686,3693,3697,3704,3717,3729,3736,3740,3748,3759,3770,3779,3789,3801,3810,3815,3817,3819,3816,3812,3809,3803,3794,3785,3776,3768,3751,3730,3718,3710,3696,3683,3676,3671,3663,3657,3652,3647,3640,3634,3628,3621,3614,3604,3596,3590,3581,3570,3563,3558,3556,3553,3545,3539,3532,3525,3521,3516,3512,3513,3521,3528,3537,3549,3560,3567,3571,3574,3578,3581,3584,3592,3599,3605,3611,3618,3624,3632,3639,3644,3650,3659,3665,3668,3674,3681,3687,3691,3698,3705,3711,3716,3720,3724,3731,3742,3752,3759,3764,3769,3780,3795,3811,3827,3840,3850,3861,3875,3889,3900,3911,3927,3938,3952,3966,3979,3990,4002,4016,4028,4038,4046,4058,4063,4056,4040,4026,4008,3984,3966,3955
3208,3206,3205,3207,3211,3217,3224,3231,3234,3235,3237,3241,3246,3252,3260,3265,3271,3276,3280,3287,3297,3305,3311,3321,3328,3332,3338,3345,3351,3360,3370,3379,3387,3393,3397,3402,3409,3417,3423,3426,3425,3424,3425,3426,3425,3423,3418,3413,3407,3404,3405,3410,3416,3424,3430,3438,3446,3450,3453,3452,3450,3450,3445,3442,3442,3443,3440,3435,3431,3426,3419,3414,3411,3406,3403,3402,3399,3400,3403,3409,3414,3419,3424,3430,3439,3442,3448,3455,3462,3469,3476,3479,3481,3482,3485,3490,3495,3499,3504,3509,3514,3519,3524,3531,3539,3547,3556,3561,3571,3581,3588,3594,3599,3608,3613,3619,3625,3633,3639,3646,3654,3664,3670,3674,3678,3686,3695,3703,3711,3721,3732,3739,3745,3753,3762,3771,3778,3788,3802,3810,3815,3817,3819,3816,3815,3814,3809,3797,3787,3778,3770,3753,3735,3726,3718,3706,3692,3680,3675,3665,3655,3652,3648,3643,3638,3631,3626,3618,3607,3599,3592,3583,3575,3568,3562,3557,3553,3548,3542,3533,3528,3525,3522,3516,3514,3520,3528,3535,3545,3554,3562,3568,3572,3575,3578,3583,3590,3595,3601,3610,3618,3623,3631,3637,3642,3648,3656,3662,3667,3673,3680,3687,3693,3699,3704,3709,3713,3716,3722,3729,3739,3747,3754,3762,3769,3778,3792,3806,3820,3834,3843,3852,3866,3881,3893,3905,3919,3931,3946,3962,3975,3986,3998,4010,4022,4032,4042,4054,4064,4056,4043,4031,4016,3995,3977,3963
3216,3216,3214,3215,3220,3223,3227,3235,3242,3245,3245,3247,3251,3256,3262,3269,3276,3281,3287,3296,3305,3309,3314,3321,3330,3336,3345,3352,3357,3366,3376,3385,3391,3394,3400,3404,3410,3416,3421,3422,3421,3421,3421,3419,3418,3415,3410,3407,3403,3401,3404,3409,3416,3422,3429,3439,3446,3453,3455,3456,3454,3454,3451,3448,3449,3449,3446,3440,3436,3433,3428,3422,3417,3411,3410,3408,3406,3405,3407,3411,3414,3419,3423,3428,3435,3440,3446,3452,3457,3462,3469,3473,3473,3476,3480,3485,3490,3494,3499,3505,3510,3514,3520,3529,3540,3547,3555,3562,3571,3579,3586,3591,3597,3603,3610,3617,3624,3631,3636,3644,3655,3664,3670,3674,3679,3687,3698,3706,3715,3723,3730,3741,3750,3756,3764,3772,3779,3788,3800,3808,3814,3817,3819,3817,3817,3816,3807,3798,3790,3781,3771,3756,3737,3728,3719,3708,3696,3684,3677,3666,3658,3654,3650,3645,3637,3631,3628,3622,3611,3602,3594,3587,3577,3570,3564,3557,3553,3550,3545,3537,3532,3529,3526,3520,3516,3520,3528,3534,3542,3552,3558,3564,3569,3574,3578,3584,3590,3593,3600,3609,3617,3623,3629,3634,3640,3646,3653,3659,3664,3670,3677,3687,3695,3700,3703,3708,3712,3716,3720,3727,3737,3744,3750,3757,3766,3775,3787,3800,3813,3826,3838,3848,3861,3876,3888,3899,3912,3925,3940,3956,3971,3983,3994,4007,4018,4028,4042,4055,4063,4058,4049,4040,4028,4009,3990,3978
3225,3226,3226,3226,3229,3232,3234,3240,3245,3248,3249,3250,3254,3259,3266,3274,3278,3284,3291,3301,3309,3314,3318,3325,3333,3339,3348,3356,3364,3372,3380,3387,3393,3398,3403,3407,3410,3414,3418,3419,3419,3418,3415,3413,3409,3406,3403,3402,3401,3400,3402,3408,3416,3422,3429,3438,3447,3456,3460,3460,3459,3459,3458,3457,3456,3454,3453,3447,3442,3437,3434,3430,3424,3418,3415,3413,3412,3412,3414,3415,3415,3417,3419,3424,3431,3436,3442,3447,3451,3457,3462,3466,3468,3472,3477,3483,3488,3493,3497,3502,3509,3515,3521,3530,3540,3547,3552,3561,3570,3577,3584,3591,3596,3602,3608,3615,3623,3630,3635,3643,3654,3662,3668,3673,3680,3687,3695,3706,3714,3721,3729,3740,3750,3756,3763,3771,3779,3789,3799,3807,3815,3820,3821,3819,3818,3815,3807,3800,3794,3782,3771,3755,3737,3728,3717,3706,3696,3685,3678,3669,3661,3655,3650,3645,3636,3628,3626,3623,3614,3607,3600,3591,3579,3571,3566,3560,3555,3552,3547,3540,3535,3530,3526,3523,3519,3521,3527,3533,3539,3549,3557,3562,3568,3573,3578,3583,3589,3592,3600,3609,3616,3622,3627,3633,3640,3646,3652,3656,3662,3669,3676,3684,3692,3698,3702,3708,3713,3716,3720,3726,3735,3741,3746,3754,3762,3772,3784,3796,3808,3820,3834,3844,3856,3872,3884,3895,3909,3920,3936,3951,3967,3978,3991,4003,4014,4024,4039,4052,4060,4061,4057,4050,4038,4020,4007,3995
3232,3234,3236,3237,3239,3241,3243,3245,3249,3253,3254,3257,3260,3263,3271,3276,3281,3287,3295,3304,3311,3315,3320,3326,3332,3340,3349,3359,3372,3378,3383,3390,3395,3401,3406,3408,3410,3413,3415,3416,3414,3412,3408,3404,3401,3399,3396,3396,3395,3396,3401,3407,3415,3423,3429,3436,3445,3454,3459,3462,3463,3464,3464,3464,3461,3458,3457,3454,3448,3441,3438,3436,3431,3424,3421,3419,3417,3417,3419,3418,3416,3417,3418,3421,3428,3432,3437,3442,3447,3452,3456,3461,3466,3472,3477,3481,3487,3493,3498,3503,3511,3518,3524,3531,3540,3546,3551,3559,3567,3573,3583,3591,3597,3602,3606,3614,3623,3631,3634,3643,3651,3659,3666,3673,3681,3685,3694,3706,3715,3721,3730,3740,3749,3754,3763,3772,3782,3791,3798,3805,3814,3820,3821,3820,3817,3812,3806,3799,3794,3784,3771,3756,3738,3729,3720,3707,3698,3687,3680,3674,3664,3656,3650,3645,3636,3628,3626,3623,3617,3612,3607,3598,3583,3573,3568,3564,3560,3555,3550,3543,3535,3531,3527,3524,3522,3522,3528,3533,3537,3545,3555,3562,3568,3574,3578,3584,3588,3591,3600,3610,3615,3619,3624,3630,3638,3645,3651,3655,3661,3669,3675,3682,3689,3695,3700,3708,3716,3719,3721,3728,3734,3739,3744,3753,3759,3768,3781,3792,3803,3816,3830,3841,3853,3868,3880,3891,3904,3915,3928,3945,3960,3972,3986,3999,4010,4021,4035,4047,4055,4062,4064,4062,4057,4041,4029,4018
3238,3240,3245,3247,3247,3249,3250,3251,3253,3257,3261,3264,3266,3269,3274,3279,3285,3293,3301,3305,3310,3315,3322,3328,3335,3345,3354,3364,3376,3381,3386,3393,3397,3402,3406,3408,3409,3410,3413,3413,3409,3406,3400,3395,3394,3392,3389,3389,3391,3394,3401,3408,3415,3423,3430,3437,3443,3450,3456,3461,3465,3467,3469,3468,3466,3464,3461,3458,3453,3447,3443,3442,3437,3431,3430,3427,3424,3424,3424,3424,3423,3425,3424,3425,3430,3433,3437,3442,3446,3449,3453,3460,3468,3475,3478,3482,3487,3491,3498,3506,3513,3520,3526,3532,3539,3544,3551,3559,3565,3571,3581,3590,3597,3602,3607,3614,3622,3630,3635,3642,3650,3658,3666,3672,3680,3688,3698,3708,3716,3722,3731,3740,3747,3753,3762,3773,3783,3792,3800,3808,3815,3820,3821,3819,3816,3809,3804,3798,3791,3783,3774,3760,3745,3733,3723,3712,3702,3691,3684,3677,3669,3659,3649,3643,3637,3631,3627,3624,3618,3615,3610,3601,3586,3574,3568,3565,3562,3558,3554,3548,3540,3534,3530,3526,3523,3523,3527,3532,3537,3545,3554,3562,3569,3575,3580,3584,3587,3590,3599,3608,3613,3616,3622,3628,3636,3644,3650,3655,3660,3666,3675,3682,3687,3693,3700,3709,3716,3720,3722,3727,3733,3739,3745,3752,3758,3767,3778,3788,3798,3810,3824,3837,3850,3865,3876,3888,3903,3913,3926,3944,3957,3968,3983,3996,4007,4018,4030,4040,4048,4058,4066,4072,4069,4058,4049,4042
3243,3246,3252,3254,3255,3257,3258,3259,3262,3266,3270,3271,3273,3274,3276,3283,3293,3300,3305,3308,3312,3318,3326,3333,3342,3352,3360,3367,3376,3382,3387,3393,3398,3401,3406,3408,3406,3406,3408,3406,3403,3398,3393,3389,3388,3385,3383,3385,3389,3393,3399,3405,3414,3423,3430,3437,3442,3448,3456,3462,3467,3471,3474,3472,3470,3468,3464,3459,3454,3450,3449,3448,3444,3440,3438,3434,3432,3431,3431,3432,3433,3433,3433,3434,3436,3440,3442,3445,3448,3450,3455,3465,3474,3479,3483,3485,3491,3493,3499,3508,3516,3523,3529,3534,3538,3543,3550,3559,3565,3572,3581,3588,3596,3603,3610,3616,3623,3630,3636,3644,3651,3659,3666,3671,3679,3691,3700,3709,3716,3722,3732,3741,3747,3753,3762,3771,3782,3792,3801,3809,3815,3820,3821,3819,3814,3807,3803,3796,3787,3780,3774,3764,3753,3737,3722,3713,3705,3695,3688,3679,3670,3663,3653,3644,3639,3633,3629,3625,3620,3616,3610,3602,3589,3576,3570,3566,3564,3560,3557,3554,3547,3538,3533,3527,3524,3524,3526,3530,3536,3546,3555,3563,3571,3577,3580,3583,3586,3589,3597,3605,3610,3616,3623,3628,3636,3643,3650,3655,3658,3663,3672,3682,3686,3692,3699,3707,3714,3719,3721,3726,3732,3738,3744,3750,3755,3763,3774,3784,3795,3806,3818,3831,3847,3861,3874,3887,3903,3913,3928,3944,3955,3965,3980,3992,4003,4012,4021,4032,4042,4052,4063,4072,4073,4068,4064,4060
3248,3251,3256,3260,3263,3266,3269,3270,3273,3277,3279,3277,3278,3279,3280,3288,3297,3304,3307,3311,3316,3322,3330,3338,3346,3353,3361,3368,3376,3381,3386,3392,3398,3402,3406,3409,3405,3401,3401,3398,3394,3390,3387,3385,3383,3378,3376,3380,3385,3389,3395,3399,3410,3420,3428,3435,3442,3449,3458,3465,3470,3475,3477,3474,3472,3469,3464,3458,3453,3450,3450,3451,3449,3446,3444,3440,3440,3439,3438,3439,3441,3442,3442,3444,3446,3448,3450,3451,3452,3455,3462,3472,3479,3484,3488,3492,3497,3499,3504,3511,3520,3530,3535,3539,3541,3545,3551,3559,3568,3577,3583,3589,3597,3606,3612,3618,3626,3631,3638,3646,3652,3661,3665,3670,3678,3688,3699,3707,3715,3722,3733,3742,3750,3757,3764,3772,3782,3792,3801,3808,3814,3819,3821,3818,3812,3805,3801,3793,3785,3777,3771,3764,3754,3736,3720,3713,3708,3700,3691,3680,3670,3664,3658,3650,3641,3635,3631,3628,3623,3617,3612,3605,3595,3582,3572,3567,3565,3563,3560,3557,3550,3540,3533,3528,3525,3523,3524,3530,3538,3548,3555,3563,3572,3578,3580,3582,3586,3591,3596,3602,3608,3616,3623,3628,3635,3642,3650,3654,3657,3661,3667,3677,3684,3690,3697,3704,3711,3716,3719,3726,3731,3736,3740,3746,3752,3759,3769,3782,3793,3804,3814,3826,3843,3857,3872,3886,3902,3912,3926,3941,3952,3961,3974,3986,3998,4006,4014,4024,4038,4048,4058,4066,4070,4069,4069,4067
3253,3256,3260,3266,3269,3271,3275,3278,3281,3286,3287,3283,3282,3284,3287,3293,3300,3305,3308,3314,3320,3325,3332,3340,3347,3354,3361,3368,3376,3382,3386,3393,3399,3403,3407,3408,3404,3397,3394,3389,3386,3383,3383,3382,3378,3372,3370,3373,3378,3383,3388,3394,3404,3417,3426,3433,3441,3450,3460,3466,3471,3476,3477,3475,3472,3468,3461,3455,3450,3448,3447,3448,3450,3449,3448,3445,3446,3447,3445,3444,3447,3450,3452,3453,3455,3457,3458,3457,3458,3464,3472,3479,3485,3489,3493,3498,3503,3505,3510,3517,3529,3537,3541,3544,3546,3549,3554,3561,3571,3579,3584,3591,3599,3608,3613,3618,3626,3632,3640,3647,3653,3658,3663,3671,3680,3688,3698,3706,3715,3723,3733,3742,3753,3762,3771,3776,3784,3792,3801,3807,3812,3816,3818,3815,3809,3803,3798,3790,3783,3775,3767,3761,3751,3735,3722,3717,3714,3707,3697,3686,3672,3663,3658,3654,3644,3635,3631,3630,3625,3618,3614,3608,3601,3588,3576,3570,3568,3566,3563,3558,3552,3540,3532,3529,3526,3524,3525,3533,3542,3550,3556,3565,3575,3581,3582,3585,3589,3594,3596,3599,3606,3614,3622,3628,3634,3639,3647,3651,3655,3658,3663,3673,3682,3689,3696,3701,3706,3713,3719,3725,3729,3733,3737,3743,3749,3755,3765,3778,3789,3802,3813,3826,3841,3854,3869,3885,3899,3909,3922,3936,3947,3956,3968,3980,3991,4000,4007,4018,4032,4043,4050,4055,4059,4062,4064,4063
3260,3263,3266,3270,3272,3273,3279,3286,3290,3293,3294,3290,3290,3291,3295,3300,3305,3307,3310,3316,3322,3327,3333,3340,3349,3357,3361,3367,3376,3382,3387,3394,3402,3406,3407,3406,3403,3394,3387,3384,3381,3379,3379,3376,3372,3369,3366,3367,3373,3379,3384,3391,3402,3415,3426,3432,3439,3449,3458,3465,3470,3473,3475,3473,3468,3463,3456,3450,3446,3443,3442,3445,3449,3451,3453,3451,3452,3454,3452,3449,3452,3457,3460,3459,3462,3464,3464,3463,3466,3472,3480,3486,3492,3496,3501,3504,3508,3512,3518,3526,3537,3544,3548,3551,3554,3558,3561,3566,3572,3578,3585,3591,3599,3610,3613,3618,3625,3632,3640,3648,3652,3655,3661,3673,3682,3691,3700,3707,3716,3725,3734,3744,3755,3766,3776,3781,3788,3795,3802,3807,3810,3812,3814,3811,3806,3801,3795,3786,3780,3774,3766,3759,3750,3738,3725,3720,3717,3710,3702,3692,3678,3666,3659,3655,3643,3634,3629,3629,3626,3619,3615,3611,3605,3595,3584,3576,3574,3570,3564,3558,3553,3544,3538,3534,3530,3528,3528,3535,3544,3552,3557,3564,3576,3583,3585,3587,3590,3594,3596,3600,3606,3613,3621,3628,3634,3637,3643,3648,3652,3656,3662,3670,3679,3687,3694,3699,3703,3711,3718,3723,3726,3730,3735,3740,3746,3752,3762,3775,3785,3799,3813,3825,3839,3851,3865,3879,3895,3905,3916,3928,3941,3951,3962,3973,3984,3994,4000,4011,4025,4037,4042,4044,4045,4049,4052,4053
3265,3268,3271,3273,3275,3281,3288,3295,3298,3300,3301,3299,3297,3297,3301,3307,3311,3311,3312,3317,3322,3328,3334,3341,3350,3357,3362,3366,3374,3381,3387,3395,3403,3407,3406,3403,3401,3391,3384,3381,3378,3376,3372,3367,3364,3363,3363,3365,3371,3377,3385,3394,3404,3415,3425,3431,3437,3446,3454,3462,3467,3469,3468,3464,3460,3456,3451,3444,3441,3439,3438,3443,3449,3454,3457,3457,3457,3459,3457,3454,3456,3460,3463,3464,3467,3470,3470,3471,3475,3481,3486,3491,3497,3503,3507,3510,3514,3519,3527,3535,3543,3550,3555,3559,3563,3568,3572,3574,3576,3581,3588,3593,3600,3610,3614,3620,3625,3632,3640,3647,3651,3656,3664,3675,3682,3692,3701,3708,3718,3729,3737,3746,3757,3768,3778,3784,3790,3798,3804,3808,3810,3810,3811,3810,3804,3799,3793,3784,3779,3774,3768,3761,3750,3737,3725,3719,3715,3709,3703,3695,3684,3671,3662,3655,3643,3635,3630,3629,3628,3622,3617,3614,3609,3602,3594,3585,3581,3575,3565,3558,3555,3551,3547,3540,3535,3533,3532,3536,3543,3552,3556,3563,3571,3579,3583,3584,3587,3590,3594,3601,3606,3610,3619,3626,3632,3636,3641,3647,3651,3655,3660,3667,3675,3683,3691,3696,3701,3709,3716,3719,3721,3726,3732,3738,3742,3749,3758,3771,3781,3794,3808,3820,3833,3845,3856,3870,3887,3898,3907,3918,3932,3943,3954,3966,3977,3986,3993,4003,4017,4029,4034,4034,4032,4032,4032,4032
3269,3272,3275,3277,3283,3291,3298,3300,3304,3308,3309,3309,3304,3303,3305,3310,3314,3315,3315,3318,3325,3331,3338,3344,3351,3357,3362,3367,3373,3381,3387,3395,3403,3406,3404,3401,3397,3388,3382,3378,3373,3368,3363,3357,3355,3356,3359,3365,3372,3379,3389,3398,3405,3414,3424,3430,3436,3444,3450,3458,3464,3464,3460,3454,3451,3449,3446,3440,3437,3436,3437,3441,3448,3456,3460,3462,3463,3462,3460,3460,3461,3462,3464,3467,3471,3476,3478,3480,3484,3488,3491,3496,3501,3506,3511,3516,3522,3528,3536,3543,3550,3556,3562,3568,3571,3577,3582,3584,3585,3589,3594,3601,3607,3612,3616,3621,3626,3632,3639,3646,3652,3659,3667,3674,3680,3692,3701,3707,3718,3729,3738,3748,3757,3768,3777,3783,3790,3799,3806,3809,3810,3810,3810,3808,3802,3798,3792,3785,3781,3776,3769,3761,3750,3735,3723,3717,3713,3707,3702,3696,3686,3675,3665,3657,3647,3640,3634,3631,3630,3624,3619,3616,3611,3605,3600,3591,3584,3578,3567,3560,3559,3557,3552,3545,3539,3538,3536,3537,3542,3550,3556,3561,3566,3572,3577,3579,3583,3587,3592,3598,3603,3607,3615,3623,3629,3634,3640,3645,3650,3653,3658,3664,3671,3678,3686,3694,3700,3706,3712,3715,3717,3722,3729,3733,3738,3747,3756,3766,3774,3785,3796,3810,3827,3839,3848,3862,3880,3891,3899,3908,3923,3934,3946,3958,3969,3978,3986,3995,4009,4019,4023,4023,4019,4013,4008,4007
3273,3276,3277,3283,3292,3301,3305,3307,3312,3316,3317,3316,3311,3308,3309,3313,3316,3319,3320,3323,3330,3336,3342,3347,3351,3356,3362,3366,3373,3380,3388,3395,3401,3402,3402,3399,3394,3385,3379,3373,3365,3360,3354,3349,3348,3352,3357,3364,3372,3382,3393,3400,3406,3413,3421,3426,3433,3442,3447,3454,3460,3460,3456,3449,3444,3442,3440,3437,3435,3434,3435,3437,3444,3453,3459,3464,3466,3463,3461,3464,3464,3464,3466,3470,3476,3481,3485,3487,3489,3493,3496,3501,3505,3511,3516,3522,3529,3536,3543,3550,3557,3563,3571,3576,3581,3586,3591,3594,3596,3599,3604,3611,3616,3617,3620,3624,3627,3632,3638,3645,3653,3659,3665,3671,3679,3691,3701,3706,3715,3728,3738,3748,3757,3766,3775,3781,3789,3799,3806,3809,3809,3808,3807,3804,3801,3797,3793,3787,3784,3779,3770,3760,3750,3737,3724,3716,3711,3707,3703,3696,3687,3677,3666,3658,3651,3643,3636,3632,3630,3626,3620,3617,3612,3608,3603,3595,3588,3582,3573,3566,3564,3562,3556,3549,3545,3544,3542,3541,3543,3547,3554,3560,3565,3569,3573,3576,3580,3585,3590,3596,3600,3605,3613,3619,3625,3631,3637,3642,3648,3651,3656,3663,3670,3675,3682,3690,3697,3703,3707,3711,3714,3719,3725,3730,3735,3745,3754,3760,3767,3777,3787,3802,3822,3834,3844,3858,3873,3884,3891,3900,3914,3925,3936,3948,3960,3971,3979,3988,3999,4007,4010,4009,4003,3995,3989,3986
3275,3277,3279,3287,3299,3308,3312,3316,3319,3321,3322,3321,3317,3314,3313,3318,3321,3324,3325,3328,3335,3339,3344,3349,3353,3356,3360,3365,3373,3379,3386,3393,3397,3398,3398,3396,3391,3384,3378,3370,3359,3354,3350,3346,3345,3352,3357,3364,3373,3382,3392,3399,3404,3409,3418,3423,3429,3439,3444,3449,3454,3455,3452,3447,3441,3438,3436,3434,3433,3431,3431,3434,3441,3449,3456,3462,3465,3462,3462,3465,3465,3464,3467,3472,3477,3482,3486,3490,3494,3499,3503,3506,3511,3516,3521,3526,3533,3540,3547,3555,3563,3570,3578,3584,3590,3594,3598,3601,3604,3608,3614,3618,3622,3623,3625,3627,3629,3633,3637,3643,3650,3658,3664,3670,3679,3689,3699,3706,3716,3728,3738,3749,3758,3764,3772,3778,3786,3797,3804,3806,3807,3806,3804,3802,3799,3797,3796,3791,3788,3783,3772,3762,3752,3742,3729,3719,3714,3711,3706,3698,3689,3679,3668,3659,3653,3645,3637,3634,3632,3629,3624,3620,3616,3611,3607,3600,3593,3588,3581,3573,3568,3563,3558,3553,3550,3550,3549,3547,3546,3547,3553,3560,3566,3569,3571,3573,3578,3585,3589,3594,3597,3602,3610,3616,3622,3629,3635,3640,3646,3650,3654,3661,3667,3671,3678,3686,3694,3699,3703,3709,3712,3718,3724,3729,3733,3741,3750,3756,3762,3773,3783,3798,3816,3826,3837,3850,3862,3873,3882,3891,3904,3914,3923,3937,3950,3963,3972,3979,3987,3994,3995,3992,3985,3976,3971,3966
3277,3279,3282,3288,3299,3310,3317,3322,3324,3325,3326,3325,3323,3321,3321,3325,3329,3330,3330,3333,3339,3343,3348,3352,3357,3358,3361,3365,3372,3378,3382,3387,3390,3392,3394,3394,3389,3382,3375,3367,3357,3350,3347,3342,3343,3352,3358,3364,3370,3380,3390,3397,3400,3405,3415,3421,3426,3435,3442,3446,3448,3448,3448,3444,3439,3435,3431,3430,3428,3426,3427,3431,3438,3446,3453,3458,3461,3460,3460,3464,3464,3462,3464,3469,3474,3480,3487,3493,3497,3502,3507,3511,3516,3520,3524,3530,3538,3544,3551,3558,3567,3576,3584,3591,3597,3602,3606,3609,3612,3616,3621,3624,3626,3627,3629,3630,3632,3633,3637,3642,3649,3658,3664,3672,3680,3689,3699,3707,3717,3727,3738,3748,3756,3762,3769,3777,3784,3794,3801,3803,3805,3805,3803,3801,3800,3800,3800,3794,3789,3783,3774,3765,3757,3745,3733,3723,3719,3716,3709,3699,3691,3683,3674,3665,3658,3649,3644,3641,3635,3631,3628,3624,3621,3616,3611,3605,3599,3594,3589,3581,3573,3564,3557,3553,3551,3553,3553,3551,3549,3548,3550,3556,3563,3567,3568,3569,3574,3581,3586,3591,3594,3598,3605,3611,3619,3627,3633,3638,3643,3648,3653,3658,3663,3668,3674,3682,3690,3698,3703,3708,3712,3717,3723,3728,3731,3737,3746,3751,3757,3766,3776,3791,3806,3816,3826,3838,3850,3861,3873,3883,3893,3903,3913,3926,3940,3954,3963,3968,3975,3979,3979,3974,3966,3957,3951,3945
3279,3282,3285,3288,3297,3309,3318,3326,3330,3332,3333,3332,3330,3329,3329,3331,3333,3333,3334,3338,3344,3348,3351,3354,3358,3359,3361,3365,3372,3376,3377,3380,3385,3389,3392,3391,3385,3378,3371,3363,3355,3347,3340,3335,3338,3351,3359,3363,3369,3380,3391,3396,3398,3404,3412,3419,3426,3433,3440,3444,3445,3444,3444,3441,3436,3430,3426,3423,3421,3419,3422,3428,3434,3441,3447,3454,3459,3461,3460,3463,3461,3458,3460,3464,3469,3477,3485,3491,3497,3503,3509,3514,3521,3525,3529,3535,3544,3550,3556,3563,3573,3583,3590,3597,3603,3609,3613,3616,3620,3622,3626,3628,3629,3629,3631,3631,3631,3634,3639,3645,3651,3660,3666,3674,3681,3689,3699,3706,3715,3726,3736,3745,3753,3760,3768,3776,3783,3792,3799,3802,3805,3806,3805,3804,3803,3804,3802,3794,3788,3783,3776,3769,3765,3752,3738,3728,3722,3720,3713,3702,3691,3686,3679,3672,3664,3658,3655,3650,3639,3632,3628,3626,3624,3620,3615,3609,3601,3598,3594,3588,3577,3566,3558,3555,3555,3556,3554,3552,3551,3547,3546,3549,3556,3562,3564,3566,3570,3577,3583,3588,3592,3596,3600,3607,3616,3624,3629,3634,3640,3647,3651,3656,3661,3666,3672,3679,3686,3695,3701,3706,3712,3717,3721,3725,3728,3734,3741,3745,3750,3759,3770,3781,3795,3806,3816,3826,3838,3849,3863,3874,3885,3894,3905,3915,3930,3944,3953,3957,3959,3961,3960,3954,3946,3938,3931,3923
3280,3285,3290,3294,3303,3313,3319,3328,3335,3338,3338,3336,3335,3334,3334,3336,3336,3335,3336,3342,3346,3349,3353,3357,3358,3358,3360,3365,3369,3372,3373,3376,3379,3384,3385,3381,3378,3371,3367,3361,3352,3341,3333,3329,3336,3349,3357,3362,3369,3381,3391,3395,3398,3403,3408,3415,3424,3430,3437,3442,3443,3442,3441,3439,3433,3427,3421,3417,3414,3412,3416,3423,3429,3434,3440,3448,3455,3460,3460,3458,3455,3452,3454,3459,3464,3471,3479,3488,3497,3505,3512,3517,3523,3529,3535,3541,3549,3557,3563,3570,3579,3589,3596,3602,3608,3615,3620,3623,3626,3628,3630,3631,3631,3631,3632,3630,3628,3633,3642,3649,3653,3659,3666,3673,3681,3689,3699,3707,3714,3725,3735,3744,3752,3760,3769,3776,3783,3791,3799,3804,3807,3809,3810,3808,3807,3805,3800,3792,3788,3783,3778,3772,3768,3760,3748,3735,3727,3722,3717,3707,3697,3691,3687,3677,3668,3665,3663,3658,3646,3635,3630,3631,3628,3623,3618,3611,3604,3599,3597,3591,3581,3570,3563,3561,3563,3562,3558,3554,3551,3547,3544,3545,3550,3558,3561,3564,3569,3575,3581,3586,3591,3594,3598,3606,3614,3620,3625,3631,3639,3646,3648,3652,3657,3663,3669,3675,3681,3690,3697,3703,3709,3714,3717,3721,3725,3732,3737,3741,3746,3754,3764,3773,3786,3797,3806,3817,3827,3840,3853,3865,3875,3884,3895,3904,3916,3928,3936,3941,3938,3936,3937,3933,3925,3917,3912,3906
3282,3289,3296,3304,3311,3317,3323,3332,3338,3340,3339,3338,3336,3336,3336,3338,3339,3337,3338,3344,3348,3350,3354,3358,3359,3358,3358,3362,3364,3365,3366,3369,3372,3375,3374,3370,3369,3364,3360,3355,3347,3336,3328,3326,3333,3345,3355,3362,3371,3382,3388,3391,3395,3399,3403,3409,3420,3427,3434,3440,3442,3440,3440,3438,3432,3426,3418,3413,3409,3408,3411,3418,3425,3429,3433,3439,3448,3455,3455,3454,3451,3449,3450,3455,3459,3466,3474,3486,3499,3509,3516,3521,3526,3532,3540,3546,3554,3563,3568,3575,3585,3593,3600,3607,3615,3622,3625,3628,3630,3632,3632,3632,3629,3629,3630,3628,3625,3631,3638,3644,3650,3657,3665,3670,3678,3688,3697,3705,3713,3723,3731,3740,3750,3760,3771,3779,3785,3792,3802,3808,3810,3811,3813,3812,3809,3805,3798,3792,3788,3784,3780,3773,3770,3764,3753,3738,3731,3727,3720,3713,3704,3698,3693,3683,3673,3668,3665,3661,3652,3644,3639,3635,3632,3626,3620,3614,3606,3601,3598,3593,3585,3577,3571,3567,3567,3565,3562,3560,3558,3553,3551,3549,3551,3557,3559,3562,3566,3571,3578,3583,3589,3593,3598,3607,3613,3617,3623,3629,3636,3641,3644,3647,3652,3658,3665,3671,3676,3683,3692,3698,3703,3708,3713,3718,3722,3728,3734,3740,3747,3754,3760,3766,3775,3784,3793,3806,3818,3830,3843,3854,3865,3871,3878,3888,3899,3910,3915,3917,3916,3912,3910,3907,3902,3895,3890,3886
3287,3293,3302,3310,3315,3319,3326,3334,3339,3341,3340,3339,3338,3337,3338,3340,3340,3340,3342,3346,3351,3351,3353,3358,3360,3360,3360,3361,3360,3360,3361,3362,3364,3364,3360,3359,3358,3354,3349,3345,3337,3329,3325,3325,3333,3344,3354,3363,3370,3378,3382,3387,3391,3394,3399,3406,3418,3428,3433,3437,3440,3440,3440,3436,3429,3422,3413,3408,3406,3405,3408,3414,3420,3424,3428,3433,3442,3449,3449,3448,3448,3446,3446,3450,3454,3462,3473,3485,3499,3510,3517,3525,3530,3535,3542,3549,3560,3567,3572,3579,3588,3597,3604,3612,3620,3625,3628,3629,3630,3631,3631,3628,3623,3620,3620,3622,3624,3630,3635,3642,3651,3659,3664,3668,3676,3686,3695,3702,3711,3720,3730,3738,3746,3758,3769,3778,3785,3792,3803,3810,3813,3816,3816,3815,3812,3808,3801,3792,3788,3785,3782,3777,3772,3766,3752,3740,3734,3728,3722,3716,3707,3700,3692,3683,3677,3672,3670,3664,3658,3653,3647,3641,3635,3629,3622,3615,3608,3602,3599,3595,3589,3584,3580,3574,3570,3569,3568,3566,3566,3565,3562,3558,3558,3561,3562,3563,3564,3568,3573,3580,3587,3592,3597,3604,3610,3613,3618,3626,3632,3636,3639,3644,3649,3655,3660,3667,3672,3677,3687,3693,3699,3704,3709,3714,3719,3723,3729,3736,3744,3749,3753,3757,3762,3770,3779,3791,3806,3816,3830,3842,3852,3858,3865,3872,3882,3891,3893,3895,3893,3891,3890,3887,3881,3875,3871,3870
3290,3297,3304,3313,3317,3319,3326,3333,3336,3337,3336,3336,3336,3337,3338,3340,3340,3340,3341,3344,3348,3349,3351,3355,3358,3358,3359,3359,3359,3357,3356,3356,3356,3354,3350,3348,3347,3343,3339,3335,3329,3323,3319,3322,3330,3341,3352,3361,3368,3375,3379,3383,3387,3389,3396,3404,3415,3423,3430,3435,3438,3440,3440,3435,3426,3417,3407,3403,3402,3401,3404,3410,3414,3417,3422,3428,3435,3442,3443,3443,3443,3442,3442,3446,3451,3459,3472,3487,3500,3510,3518,3527,3533,3537,3543,3552,3562,3570,3577,3584,3592,3600,3607,3615,3621,3626,3628,3629,3627,3624,3623,3621,3617,3613,3611,3613,3621,3628,3635,3643,3651,3657,3661,3666,3674,3683,3693,3702,3712,3721,3730,3737,3745,3757,3772,3780,3787,3795,3805,3811,3816,3818,3818,3816,3814,3810,3802,3794,3790,3786,3781,3778,3775,3766,3755,3746,3738,3731,3724,3717,3709,3699,3688,3680,3676,3674,3673,3667,3661,3656,3650,3644,3636,3631,3624,3616,3610,3607,3604,3599,3592,3587,3585,3581,3577,3576,3575,3574,3574,3571,3567,3565,3567,3567,3564,3564,3565,3568,3573,3579,3584,3588,3592,3598,3604,3608,3614,3622,3629,3634,3638,3643,3648,3653,3657,3663,3668,3673,3681,3689,3695,3700,3705,3710,3715,3718,3722,3728,3735,3739,3743,3747,3753,3761,3769,3779,3791,3801,3814,3827,3833,3843,3850,3856,3862,3867,3872,3875,3876,3871,3871,3868,3862,3856,3853,3851
3288,3295,3303,3310,3316,3319,3324,3329,3330,3329,3328,3329,3334,3338,3340,3339,3338,3338,3339,3341,3345,3346,3348,3350,3349,3351,3353,3355,3357,3355,3352,3351,3348,3345,3342,3340,3336,3331,3327,3323,3319,3316,3317,3321,3330,3342,3350,3358,3366,3372,3377,3380,3383,3387,3392,3399,3408,3417,3425,3433,3436,3437,3437,3432,3422,3412,3403,3397,3396,3397,3400,3405,3408,3410,3414,3421,3426,3432,3436,3437,3437,3438,3440,3447,3454,3461,3470,3485,3498,3509,3519,3527,3534,3541,3548,3555,3564,3573,3579,3586,3595,3603,3609,3614,3620,3623,3623,3622,3619,3617,3616,3613,3608,3604,3603,3607,3614,3623,3630,3637,3644,3651,3657,3664,3671,3681,3692,3703,3713,3721,3730,3740,3752,3763,3773,3780,3789,3801,3809,3814,3817,3817,3815,3813,3811,3810,3806,3798,3790,3784,3780,3777,3776,3767,3758,3745,3739,3733,3724,3715,3710,3703,3694,3684,3675,3674,3674,3671,3664,3659,3654,3648,3641,3633,3625,3619,3614,3612,3606,3599,3591,3588,3587,3585,3584,3583,3580,3579,3579,3579,3578,3576,3575,3573,3569,3566,3567,3570,3573,3579,3582,3582,3586,3592,3598,3604,3610,3619,3625,3630,3635,3641,3646,3649,3654,3658,3663,3669,3677,3684,3690,3695,3699,3708,3713,3715,3716,3720,3726,3732,3736,3741,3746,3754,3764,3771,3778,3787,3799,3809,3818,3826,3833,3837,3839,3842,3847,3853,3850,3846,3844,3839,3838,3837,3836,3833
3287,3294,3300,3303,3306,3309,3314,3321,3322,3323,3324,3327,3333,3338,3339,3338,3336,3335,3337,3343,3347,3345,3346,3345,3343,3345,3347,3350,3352,3351,3348,3344,3339,3336,3334,3332,3326,3321,3318,3314,3311,3310,3316,3321,3328,3339,3351,3359,3364,3370,3375,3377,3378,3383,3389,3397,3406,3415,3423,3429,3432,3434,3433,3426,3418,3409,3400,3392,3389,3390,3393,3397,3399,3402,3407,3413,3416,3420,3424,3428,3430,3433,3440,3448,3456,3461,3468,3480,3494,3506,3514,3522,3532,3540,3548,3556,3561,3568,3578,3587,3598,3604,3607,3611,3615,3614,3614,3614,3611,3609,3606,3603,3600,3597,3596,3600,3607,3614,3622,3630,3637,3645,3655,3662,3669,3679,3692,3703,3710,3717,3728,3742,3755,3764,3771,3777,3789,3803,3812,3815,3817,3815,3810,3806,3806,3808,3808,3799,3791,3784,3780,3778,3771,3763,3756,3747,3742,3738,3730,3720,3715,3714,3708,3693,3683,3681,3681,3679,3670,3662,3656,3650,3646,3641,3629,3623,3621,3616,3606,3600,3595,3592,3591,3589,3587,3589,3586,3584,3585,3586,3587,3585,3583,3580,3576,3572,3570,3572,3574,3577,3579,3578,3582,3588,3595,3600,3608,3616,3621,3625,3633,3638,3642,3643,3648,3654,3658,3665,3671,3677,3682,3686,3693,3703,3708,3709,3709,3712,3717,3722,3728,3734,3737,3743,3752,3758,3766,3774,3785,3794,3803,3808,3813,3814,3816,3817,3819,3820,3823,3824,3821,3814,3812,3814,3816,3814
3286,3292,3295,3297,3299,3303,3306,3312,3315,3317,3319,3324,3329,3333,3335,3335,3330,3330,3335,3345,3344,3341,3339,3338,3338,3342,3344,3344,3345,3345,3343,3339,3333,3329,3324,3322,3318,3312,3310,3307,3303,3302,3309,3318,3327,3339,3347,3353,3358,3365,3370,3373,3375,3380,3386,3398,3408,3416,3422,3427,3430,3429,3426,3419,3411,3403,3394,3387,3384,3384,3386,3387,3390,3394,3398,3404,3408,3413,3418,3421,3423,3426,3432,3445,3454,3460,3467,3477,3490,3499,3507,3518,3527,3535,3545,3553,3557,3563,3575,3588,3595,3599,3601,3605,3608,3607,3605,3603,3601,3600,3597,3595,3594,3591,3591,3593,3597,3606,3614,3621,3630,3640,3652,3661,3668,3677,3689,3699,3707,3715,3728,3741,3752,3761,3772,3779,3789,3801,3809,3813,3815,3814,3809,3805,3804,3806,3805,3803,3797,3791,3783,3778,3772,3762,3756,3752,3750,3743,3735,3726,3722,3720,3713,3704,3692,3689,3686,3681,3673,3665,3658,3650,3648,3644,3635,3627,3625,3620,3609,3605,3601,3595,3594,3595,3595,3594,3592,3591,3589,3588,3589,3586,3585,3583,3579,3575,3575,3577,3577,3576,3577,3577,3580,3587,3592,3599,3607,3613,3619,3625,3633,3637,3640,3643,3648,3651,3655,3660,3664,3671,3675,3680,3686,3693,3700,3704,3706,3708,3713,3717,3721,3724,3727,3729,3733,3742,3753,3762,3772,3779,3785,3787,3789,3792,3794,3797,3798,3797,3796,3802,3798,3793,3791,3790,3795,3798
3279,3284,3287,3290,3294,3298,3299,3301,3305,3310,3315,3320,3323,3328,3330,3327,3324,3323,3329,3338,3339,3336,3333,3331,3334,3337,3339,3339,3340,3341,3341,3337,3330,3322,3318,3314,3309,3304,3300,3298,3295,3294,3300,3310,3324,3336,3344,3348,3354,3360,3365,3369,3372,3378,3386,3396,3407,3415,3420,3424,3427,3425,3420,3413,3405,3396,3387,3381,3377,3377,3378,3380,3382,3385,3389,3397,3403,3409,3415,3420,3420,3422,3429,3441,3451,3456,3465,3474,3482,3491,3499,3510,3521,3530,3540,3549,3555,3562,3573,3583,3590,3594,3594,3597,3599,3596,3595,3595,3594,3592,3589,3586,3586,3585,3586,3588,3593,3601,3607,3614,3623,3636,3648,3658,3666,3676,3690,3700,3709,3719,3732,3741,3749,3757,3769,3777,3787,3798,3806,3810,3813,3814,3812,3809,3807,3806,3806,3804,3798,3791,3785,3781,3777,3768,3762,3758,3754,3750,3743,3735,3730,3725,3717,3708,3700,3695,3689,3681,3675,3671,3662,3653,3649,3641,3635,3630,3627,3618,3608,3607,3603,3599,3601,3602,3601,3595,3595,3596,3595,3593,3592,3591,3591,3589,3580,3578,3579,3582,3578,3577,3577,3578,3580,3585,3589,3596,3604,3610,3616,3623,3629,3633,3636,3639,3645,3648,3651,3656,3661,3668,3671,3675,3680,3689,3694,3698,3701,3704,3708,3711,3713,3716,3716,3716,3721,3730,3739,3746,3754,3760,3764,3765,3766,3769,3774,3777,3779,3777,3776,3776,3773,3772,3774,3773,3775,3782
3270,3275,3279,3283,3286,3288,3290,3292,3299,3305,3311,3316,3319,3322,3323,3322,3320,3321,3326,3333,3333,3329,3327,3326,3328,3330,3333,3336,3338,3340,3341,3339,3328,3319,3313,3308,3301,3296,3291,3287,3288,3289,3294,3304,3317,3332,3341,3345,3350,3357,3362,3366,3371,3377,3385,3395,3404,3411,3417,3421,3423,3422,3419,3411,3400,3390,3382,3376,3371,3369,3371,3373,3375,3379,3384,3393,3402,3407,3411,3415,3415,3417,3425,3437,3445,3452,3459,3467,3477,3485,3494,3505,3516,3526,3537,3545,3550,3557,3566,3576,3583,3589,3591,3589,3588,3588,3587,3587,3587,3581,3577,3575,3575,3577,3580,3582,3586,3594,3602,3609,3619,3632,3645,3654,3665,3676,3691,3703,3714,3724,3735,3742,3748,3757,3766,3774,3783,3793,3799,3804,3808,3812,3812,3811,3809,3807,3807,3802,3796,3794,3790,3784,3780,3772,3764,3758,3755,3752,3748,3741,3736,3730,3721,3714,3705,3699,3693,3684,3677,3673,3668,3661,3654,3644,3638,3634,3629,3621,3612,3612,3610,3606,3608,3608,3607,3603,3601,3602,3603,3601,3599,3595,3594,3591,3587,3587,3586,3583,3579,3578,3579,3581,3582,3585,3589,3593,3601,3608,3614,3619,3625,3628,3629,3632,3639,3644,3649,3653,3657,3664,3668,3671,3675,3681,3686,3690,3694,3698,3702,3703,3704,3705,3705,3705,3708,3715,3723,3728,3733,3737,3743,3747,3747,3751,3754,3757,3758,3757,3758,3757,3758,3759,3759,3759,3762,3770
3262,3265,3269,3272,3276,3278,3281,3287,3294,3301,3309,3314,3315,3316,3316,3315,3316,3319,3323,3327,3326,3323,3321,3319,3321,3323,3326,3331,3336,3339,3340,3336,3327,3316,3309,3304,3295,3289,3284,3280,3284,3288,3292,3300,3313,3329,3338,3342,3346,3353,3358,3363,3369,3374,3383,3393,3402,3408,3414,3418,3421,3422,3417,3407,3395,3387,3379,3371,3364,3363,3365,3367,3370,3375,3381,3391,3400,3405,3407,3408,3407,3411,3420,3430,3439,3445,3450,3460,3469,3479,3490,3499,3509,3518,3530,3539,3547,3554,3562,3570,3577,3583,3585,3582,3579,3578,3578,3578,3577,3571,3568,3567,3567,3567,3572,3575,3580,3590,3599,3607,3615,3625,3639,3652,3665,3677,3691,3703,3713,3722,3734,3740,3745,3753,3761,3770,3780,3787,3791,3795,3801,3807,3812,3813,3810,3808,3807,3803,3797,3798,3795,3788,3782,3777,3770,3762,3758,3755,3749,3742,3736,3733,3727,3719,3708,3703,3697,3687,3680,3678,3673,3668,3662,3650,3644,3640,3633,3625,3619,3616,3614,3610,3610,3611,3610,3608,3607,3606,3606,3604,3602,3600,3596,3594,3593,3593,3592,3588,3584,3581,3582,3583,3584,3587,3589,3592,3598,3605,3611,3617,3623,3629,3628,3629,3635,3642,3648,3650,3652,3659,3665,3667,3669,3673,3676,3681,3687,3692,3694,3694,3694,3695,3694,3693,3694,3700,3707,3711,3714,3718,3725,3729,3732,3737,3742,3745,3745,3743,3743,3745,3747,3747,3745,3746,3749,3754
3255,3257,3261,3265,3267,3269,3274,3282,3289,3297,3306,3311,3313,3312,3311,3310,3312,3316,3321,3322,3319,3316,3314,3313,3313,3316,3320,3326,3332,3335,3334,3329,3321,3312,3306,3300,3289,3283,3279,3274,3278,3285,3288,3296,3309,3324,3333,3336,3341,3348,3356,3361,3367,3373,3380,3388,3398,3407,3413,3415,3417,3417,3413,3402,3393,3384,3375,3367,3361,3359,3360,3362,3366,3371,3378,3388,3399,3404,3405,3405,3405,3408,3414,3424,3432,3439,3444,3452,3461,3471,3484,3495,3503,3511,3521,3531,3540,3548,3554,3561,3569,3574,3576,3573,3570,3571,3570,3569,3566,3563,3562,3561,3560,3560,3564,3570,3577,3585,3595,3603,3610,3621,3637,3650,3662,3675,3690,3701,3710,3718,3728,3735,3739,3744,3752,3762,3772,3779,3783,3787,3793,3801,3808,3811,3809,3807,3807,3805,3800,3799,3799,3792,3785,3782,3774,3765,3759,3755,3751,3744,3739,3737,3732,3724,3713,3708,3700,3691,3685,3683,3679,3674,3668,3657,3649,3645,3638,3626,3621,3621,3621,3619,3614,3614,3615,3616,3612,3610,3609,3607,3607,3606,3601,3597,3595,3594,3595,3593,3587,3583,3582,3582,3585,3587,3588,3589,3596,3602,3608,3613,3620,3626,3628,3630,3634,3641,3645,3645,3648,3655,3660,3661,3663,3664,3668,3672,3678,3683,3685,3686,3686,3687,3686,3684,3685,3689,3695,3698,3700,3704,3711,3714,3717,3722,3727,3730,3730,3730,3728,3728,3729,3728,3730,3734,3736,3740
3246,3248,3252,3257,3260,3263,3269,3277,3285,3293,3301,3308,3307,3306,3305,3306,3309,3312,3314,3314,3311,3307,3306,3307,3309,3311,3316,3322,3328,3330,3327,3322,3317,3309,3301,3293,3284,3279,3274,3270,3273,3280,3286,3293,3303,3316,3322,3329,3337,3349,3355,3361,3368,3374,3380,3386,3395,3404,3409,3410,3410,3408,3404,3396,3388,3379,3368,3362,3358,3354,3353,3357,3362,3369,3377,3387,3399,3405,3406,3404,3404,3406,3411,3417,3427,3435,3442,3448,3456,3467,3481,3493,3501,3507,3516,3526,3534,3542,3549,3556,3563,3567,3566,3564,3561,3562,3563,3560,3554,3553,3553,3553,3553,3553,3558,3565,3573,3581,3591,3599,3606,3617,3633,3646,3659,3673,3686,3698,3705,3711,3718,3724,3730,3736,3742,3751,3761,3769,3776,3781,3786,3791,3800,3803,3803,3805,3807,3806,3804,3802,3803,3796,3790,3786,3778,3769,3763,3759,3756,3750,3743,3740,3736,3729,3720,3715,3708,3698,3691,3688,3684,3677,3669,3660,3654,3650,3643,3633,3627,3627,3629,3626,3622,3621,3623,3621,3618,3615,3614,3612,3612,3610,3606,3602,3599,3597,3598,3596,3590,3585,3582,3583,3585,3587,3588,3589,3595,3599,3604,3609,3615,3622,3624,3627,3631,3636,3638,3640,3644,3652,3654,3653,3656,3659,3662,3666,3670,3673,3674,3676,3676,3677,3675,3675,3677,3681,3684,3687,3689,3692,3697,3701,3704,3708,3712,3713,3714,3713,3713,3714,3714,3713,3715,3719,3722,3728
3237,3240,3245,3251,3255,3258,3265,3276,3283,3291,3299,3304,3302,3300,3299,3301,3302,3303,3303,3305,3303,3299,3298,3300,3304,3308,3314,3321,3326,3325,3320,3316,3311,3305,3297,3288,3280,3276,3271,3266,3267,3276,3284,3291,3300,3309,3317,3327,3337,3347,3352,3358,3367,3375,3382,3388,3395,3401,3404,3404,3402,3398,3395,3390,3382,3374,3365,3359,3354,3348,3348,3352,3358,3367,3377,3389,3401,3408,3408,3404,3403,3405,3408,3414,3423,3432,3439,3446,3454,3466,3479,3491,3499,3506,3514,3522,3529,3538,3545,3552,3558,3559,3558,3555,3552,3552,3552,3549,3544,3542,3542,3544,3546,3547,3553,3560,3567,3577,3587,3595,3603,3615,3630,3643,3656,3670,3681,3690,3697,3702,3707,3711,3718,3726,3734,3743,3752,3759,3768,3777,3782,3785,3790,3795,3798,3803,3806,3807,3805,3804,3802,3798,3793,3789,3784,3775,3769,3767,3763,3757,3750,3744,3736,3729,3724,3720,3714,3703,3693,3691,3686,3679,3671,3663,3658,3653,3649,3641,3635,3635,3635,3631,3628,3628,3627,3625,3623,3622,3620,3617,3617,3614,3609,3607,3605,3601,3600,3597,3592,3587,3584,3585,3587,3587,3587,3590,3594,3597,3601,3606,3611,3616,3619,3623,3626,3629,3632,3636,3642,3648,3649,3651,3653,3655,3657,3660,3662,3662,3664,3665,3664,3664,3663,3664,3666,3668,3671,3675,3677,3681,3685,3690,3693,3697,3700,3700,3700,3701,3700,3701,3703,3703,3703,3707,3712,3717
3232,3236,3241,3246,3251,3256,3266,3277,3282,3288,3297,3301,3299,3295,3294,3294,3292,3292,3294,3295,3294,3291,3290,3294,3298,3302,3311,3319,3323,3320,3314,3310,3304,3297,3291,3282,3275,3270,3266,3264,3266,3275,3282,3288,3298,3307,3315,3324,3335,3344,3351,3358,3366,3373,3382,3387,3392,3396,3396,3394,3393,3391,3388,3383,3376,3369,3362,3355,3349,3342,3342,3347,3353,3363,3375,3388,3400,3408,3408,3405,3403,3403,3406,3411,3418,3426,3434,3444,3453,3463,3475,3487,3498,3505,3513,3520,3527,3534,3540,3546,3551,3551,3550,3547,3542,3540,3540,3538,3534,3531,3531,3535,3538,3541,3548,3555,3561,3572,3582,3591,3600,3612,3627,3642,3653,3664,3675,3681,3686,3691,3697,3701,3707,3715,3725,3736,3744,3750,3761,3771,3776,3780,3784,3789,3796,3802,3807,3808,3806,3804,3800,3799,3796,3792,3788,3782,3777,3772,3767,3760,3752,3745,3737,3731,3727,3723,3715,3704,3694,3691,3687,3682,3675,3667,3663,3658,3654,3650,3643,3641,3640,3636,3634,3633,3631,3629,3627,3626,3624,3621,3619,3616,3612,3611,3608,3605,3604,3601,3595,3589,3587,3590,3591,3589,3589,3592,3594,3596,3600,3604,3607,3611,3614,3616,3621,3623,3627,3631,3637,3642,3646,3650,3650,3650,3652,3654,3654,3655,3656,3655,3653,3653,3651,3651,3653,3655,3657,3661,3664,3669,3675,3680,3683,3687,3690,3690,3690,3690,3686,3687,3690,3691,3693,3696,3699,3705
3229,3233,3238,3243,3249,3256,3267,3278,3282,3286,3293,3296,3294,3291,3289,3284,3280,3281,3283,3285,3284,3284,3284,3286,3291,3296,3305,3315,3319,3316,3310,3304,3298,3290,3283,3275,3269,3265,3261,3262,3268,3277,3282,3289,3297,3308,3315,3321,3331,3344,3352,3359,3365,3371,3379,3384,3387,3389,3388,3386,3385,3384,3383,3377,3371,3364,3356,3350,3342,3336,3336,3341,3348,3358,3369,3382,3394,3402,3404,3403,3401,3401,3403,3406,3412,3420,3430,3441,3451,3460,3471,3483,3495,3503,3510,3518,3524,3529,3535,3539,3541,3543,3542,3538,3535,3533,3532,3529,3524,3522,3522,3527,3530,3534,3542,3548,3555,3565,3575,3585,3596,3608,3623,3638,3649,3657,3666,3672,3676,3680,3687,3692,3699,3706,3717,3727,3735,3744,3756,3764,3768,3772,3778,3784,3791,3799,3807,3811,3812,3809,3804,3803,3801,3796,3792,3786,3781,3776,3770,3762,3754,3748,3743,3738,3730,3725,3718,3708,3698,3692,3687,3684,3678,3671,3667,3662,3658,3653,3647,3645,3644,3642,3642,3639,3635,3632,3630,3630,3628,3624,3622,3618,3615,3613,3610,3608,3608,3606,3598,3592,3591,3595,3595,3594,3595,3597,3597,3598,3601,3605,3607,3609,3609,3612,3617,3621,3623,3626,3631,3634,3639,3645,3645,3645,3648,3650,3650,3650,3650,3648,3646,3645,3645,3645,3645,3645,3646,3649,3654,3660,3666,3670,3673,3677,3680,3681,3680,3676,3673,3675,3678,3678,3681,3685,3689,3695
3225,3229,3236,3244,3252,3260,3272,3280,3284,3287,3290,3292,3290,3287,3283,3277,3273,3274,3275,3275,3276,3277,3279,3282,3287,3293,3301,3310,3314,3311,3306,3300,3294,3287,3279,3270,3264,3261,3259,3264,3271,3277,3282,3290,3301,3311,3316,3321,3331,3344,3352,3358,3363,3368,3375,3379,3381,3381,3379,3378,3378,3378,3377,3373,3367,3359,3351,3343,3336,3329,3329,3335,3343,3354,3364,3375,3386,3394,3399,3399,3398,3398,3398,3400,3406,3415,3426,3437,3447,3457,3468,3480,3491,3500,3508,3515,3520,3524,3528,3531,3532,3534,3534,3531,3529,3527,3525,3521,3515,3513,3514,3518,3522,3529,3537,3543,3549,3558,3568,3579,3592,3603,3617,3631,3641,3648,3655,3661,3666,3672,3681,3687,3695,3703,3711,3720,3729,3739,3751,3758,3760,3764,3771,3778,3785,3796,3806,3813,3815,3815,3812,3808,3806,3801,3796,3791,3786,3781,3774,3767,3759,3754,3749,3740,3730,3725,3720,3713,3707,3699,3692,3687,3681,3672,3668,3665,3660,3655,3652,3650,3647,3645,3646,3644,3640,3636,3633,3633,3631,3627,3625,3623,3620,3616,3612,3610,3610,3609,3602,3596,3597,3600,3599,3600,3601,3602,3604,3604,3605,3607,3609,3612,3611,3613,3617,3622,3622,3623,3626,3627,3632,3639,3641,3643,3646,3647,3648,3649,3648,3644,3639,3639,3640,3640,3639,3637,3637,3639,3645,3652,3657,3660,3663,3667,3670,3671,3671,3665,3659,3663,3664,3663,3666,3674,3682,3691
3220,3228,3237,3251,3262,3270,3277,3283,3286,3289,3289,3288,3286,3282,3277,3273,3270,3271,3270,3269,3268,3271,3275,3282,3289,3294,3300,3306,3309,3307,3304,3298,3292,3286,3277,3267,3261,3259,3260,3266,3273,3278,3283,3293,3305,3314,3319,3325,3333,3340,3348,3356,3361,3365,3369,3371,3373,3372,3370,3368,3369,3370,3371,3369,3363,3355,3346,3339,3332,3325,3323,3329,3338,3348,3359,3369,3378,3386,3392,3394,3393,3392,3393,3395,3402,3412,3423,3434,3444,3453,3465,3477,3489,3499,3507,3513,3516,3520,3524,3525,3525,3525,3525,3524,3522,3521,3518,3512,3507,3506,3507,3510,3514,3521,3530,3538,3544,3552,3561,3572,3585,3598,3609,3621,3629,3636,3643,3649,3656,3665,3676,3683,3691,3699,3706,3715,3724,3732,3743,3750,3753,3758,3766,3774,3783,3794,3803,3809,3814,3817,3818,3818,3814,3807,3800,3796,3792,3786,3777,3771,3763,3758,3752,3741,3732,3727,3722,3717,3712,3706,3699,3692,3683,3676,3671,3668,3664,3661,3656,3654,3650,3649,3649,3647,3644,3641,3637,3637,3634,3630,3629,3627,3625,3621,3616,3613,3614,3614,3607,3602,3602,3604,3604,3606,3606,3607,3610,3611,3610,3610,3613,3616,3616,3618,3622,3623,3624,3624,3625,3625,3629,3635,3638,3640,3643,3645,3647,3648,3647,3641,3635,3635,3635,3634,3633,3631,3630,3632,3637,3643,3648,3651,3653,3656,3660,3662,3661,3653,3648,3651,3652,3650,3654,3664,3676,3687
3220,3229,3242,3259,3271,3278,3282,3285,3288,3290,3288,3284,3282,3278,3273,3268,3265,3264,3266,3265,3262,3264,3271,3280,3290,3296,3301,3304,3305,3304,3301,3295,3288,3281,3273,3263,3258,3257,3260,3267,3275,3282,3286,3296,3306,3314,3323,3331,3335,3339,3345,3354,3359,3361,3363,3364,3364,3363,3361,3359,3360,3363,3364,3363,3358,3349,3341,3334,3327,3320,3319,3323,3331,3340,3351,3362,3371,3379,3384,3387,3387,3386,3387,3391,3399,3408,3420,3432,3442,3451,3463,3476,3490,3500,3506,3510,3513,3517,3520,3519,3516,3515,3515,3516,3516,3514,3510,3503,3500,3499,3500,3504,3508,3513,3521,3530,3538,3546,3554,3565,3578,3590,3601,3611,3618,3624,3631,3638,3647,3657,3668,3675,3684,3692,3700,3708,3717,3725,3734,3741,3747,3754,3763,3771,3781,3792,3801,3807,3813,3818,3822,3827,3824,3815,3808,3803,3798,3791,3781,3773,3766,3760,3755,3747,3740,3733,3725,3719,3714,3709,3704,3697,3688,3682,3676,3670,3667,3665,3661,3658,3654,3653,3653,3649,3648,3646,3642,3640,3638,3635,3633,3630,3627,3624,3621,3618,3617,3617,3611,3606,3606,3607,3609,3611,3611,3611,3614,3616,3614,3614,3617,3619,3620,3623,3627,3626,3627,3628,3626,3627,3631,3634,3636,3637,3638,3641,3644,3645,3644,3640,3634,3631,3627,3627,3627,3627,3627,3627,3629,3634,3640,3643,3644,3646,3649,3651,3649,3643,3641,3642,3642,3643,3648,3657,3668,3681
3222,3232,3247,3265,3275,3281,3285,3287,3289,3290,3287,3282,3280,3277,3272,3262,3257,3256,3258,3259,3258,3260,3267,3277,3288,3294,3298,3301,3301,3300,3297,3290,3284,3276,3267,3258,3252,3253,3258,3266,3277,3285,3291,3299,3305,3314,3326,3334,3338,3341,3345,3352,3358,3359,3358,3357,3355,3354,3354,3352,3353,3356,3357,3356,3351,3343,3334,3325,3319,3314,3313,3318,3325,3333,3344,3354,3361,3369,3374,3376,3377,3377,3379,3385,3394,3405,3417,3430,3441,3451,3463,3475,3490,3499,3505,3508,3511,3513,3514,3510,3505,3504,3504,3507,3508,3505,3500,3495,3492,3490,3492,3497,3502,3508,3514,3521,3528,3539,3548,3558,3570,3581,3592,3602,3610,3615,3621,3629,3639,3649,3658,3665,3675,3685,3693,3700,3709,3720,3727,3733,3742,3751,3760,3768,3777,3788,3798,3806,3813,3820,3825,3831,3832,3825,3817,3810,3805,3795,3785,3777,3770,3765,3761,3756,3748,3738,3728,3722,3718,3712,3708,3701,3692,3685,3679,3672,3668,3667,3665,3662,3659,3658,3657,3653,3651,3650,3647,3644,3643,3642,3639,3634,3630,3628,3626,3624,3622,3618,3612,3608,3608,3608,3612,3615,3615,3616,3618,3619,3619,3620,3622,3622,3624,3627,3628,3628,3629,3632,3630,3629,3632,3634,3636,3635,3634,3636,3639,3641,3640,3638,3634,3629,3622,3622,3623,3624,3624,3623,3623,3627,3633,3635,3636,3637,3638,3640,3639,3637,3636,3635,3636,3639,3645,3652,3661,3675
3226,3237,3252,3267,3277,3283,3287,3290,3291,3291,3287,3282,3280,3276,3269,3257,3250,3249,3250,3252,3255,3258,3265,3275,3285,3289,3294,3297,3295,3294,3291,3286,3280,3273,3263,3254,3249,3250,3255,3265,3278,3287,3296,3303,3309,3318,3329,3336,3340,3345,3348,3353,3358,3358,3354,3350,3347,3346,3346,3345,3346,3350,3351,3350,3346,3340,3330,3319,3312,3306,3306,3311,3318,3326,3335,3341,3347,3355,3360,3364,3366,3368,3372,3382,3393,3405,3417,3428,3440,3452,3463,3474,3487,3495,3501,3504,3506,3508,3505,3501,3496,3494,3494,3497,3499,3496,3489,3485,3483,3481,3483,3488,3493,3499,3505,3513,3520,3532,3543,3552,3562,3572,3583,3593,3602,3608,3614,3622,3632,3641,3649,3656,3667,3679,3687,3694,3704,3714,3722,3729,3739,3750,3758,3766,3774,3784,3795,3805,3813,3821,3829,3835,3838,3833,3822,3815,3810,3798,3788,3782,3777,3771,3767,3763,3752,3740,3732,3727,3724,3719,3710,3701,3694,3687,3680,3676,3673,3672,3669,3667,3666,3662,3661,3658,3655,3653,3651,3649,3650,3647,3644,3638,3632,3631,3630,3627,3624,3618,3612,3611,3610,3611,3615,3618,3620,3622,3624,3625,3627,3628,3630,3630,3632,3633,3632,3631,3631,3634,3636,3633,3633,3636,3639,3637,3634,3635,3638,3641,3639,3636,3634,3629,3623,3620,3620,3620,3619,3618,3618,3620,3626,3630,3630,3630,3629,3630,3630,3631,3630,3628,3630,3635,3642,3648,3655,3670
3227,3239,3254,3266,3277,3284,3288,3290,3291,3291,3289,3283,3278,3273,3264,3251,3244,3244,3243,3245,3250,3255,3262,3272,3280,3285,3290,3292,3290,3289,3286,3283,3278,3269,3258,3250,3248,3250,3256,3267,3278,3290,3300,3308,3314,3322,3331,3337,3343,3348,3352,3356,3358,3357,3351,3345,3342,3340,3338,3337,3339,3342,3345,3345,3341,3337,3326,3315,3307,3300,3298,3303,3309,3315,3321,3325,3332,3340,3347,3353,3356,3362,3370,3382,3393,3405,3415,3427,3439,3451,3462,3472,3482,3490,3496,3499,3499,3499,3497,3493,3488,3484,3484,3488,3490,3485,3479,3474,3471,3471,3475,3480,3484,3489,3495,3505,3514,3526,3538,3549,3556,3563,3576,3585,3593,3602,3609,3617,3625,3635,3641,3648,3658,3673,3683,3691,3700,3708,3717,3727,3738,3748,3756,3765,3773,3782,3792,3805,3813,3823,3833,3841,3841,3835,3824,3816,3810,3801,3791,3787,3783,3776,3771,3766,3753,3742,3736,3734,3730,3724,3715,3704,3698,3692,3684,3681,3681,3678,3675,3673,3671,3666,3664,3662,3660,3658,3655,3654,3654,3650,3645,3639,3634,3632,3631,3627,3623,3616,3612,3614,3615,3617,3622,3624,3625,3627,3631,3634,3637,3639,3640,3640,3640,3639,3639,3637,3636,3639,3642,3640,3638,3640,3645,3644,3639,3639,3642,3645,3642,3638,3634,3630,3625,3621,3617,3615,3615,3615,3614,3615,3620,3624,3624,3624,3623,3623,3622,3621,3621,3620,3623,3632,3639,3645,3651,3665
3225,3238,3251,3262,3274,3282,3285,3289,3290,3289,3288,3283,3276,3269,3262,3249,3241,3238,3236,3239,3246,3250,3255,3265,3274,3279,3285,3287,3286,3284,3282,3279,3275,3264,3253,3245,3246,3250,3259,3269,3278,3290,3300,3309,3317,3323,3329,3338,3346,3351,3355,3356,3355,3353,3347,3341,3337,3334,3332,3330,3331,3335,3338,3338,3335,3331,3321,3311,3302,3294,3291,3294,3297,3303,3309,3314,3320,3330,3338,3346,3353,3362,3372,3382,3391,3403,3414,3425,3436,3446,3458,3468,3476,3483,3490,3493,3491,3490,3488,3486,3479,3474,3474,3477,3477,3473,3467,3462,3459,3461,3466,3473,3477,3482,3488,3499,3508,3520,3531,3541,3548,3556,3570,3580,3588,3597,3606,3613,3621,3631,3639,3644,3654,3669,3680,3688,3696,3703,3713,3723,3734,3745,3754,3764,3772,3780,3790,3804,3815,3827,3838,3844,3841,3835,3825,3816,3809,3801,3794,3790,3786,3779,3773,3767,3757,3747,3743,3740,3735,3729,3721,3713,3706,3698,3689,3686,3685,3683,3680,3677,3674,3669,3668,3667,3665,3662,3659,3657,3656,3652,3646,3640,3635,3633,3632,3627,3622,3618,3615,3618,3620,3624,3628,3629,3629,3632,3638,3641,3644,3649,3651,3650,3647,3646,3646,3646,3645,3647,3651,3649,3647,3648,3651,3652,3646,3645,3645,3646,3645,3642,3636,3630,3627,3622,3616,3612,3611,3613,3612,3614,3616,3618,3619,3620,3620,3618,3614,3612,3612,3614,3620,3629,3635,3640,3646,3659
3221,3234,3245,3257,3268,3277,3281,3286,3288,3287,3285,3280,3273,3266,3260,3249,3238,3234,3231,3234,3242,3246,3250,3258,3267,3273,3279,3282,3282,3281,3278,3276,3271,3259,3247,3241,3242,3249,3258,3269,3277,3286,3296,3307,3317,3322,3327,3336,3346,3352,3356,3355,3352,3349,3343,3337,3332,3329,3326,3324,3325,3328,3331,3330,3327,3323,3316,3306,3295,3287,3284,3285,3288,3293,3300,3306,3313,3324,3333,3342,3354,3366,3375,3382,3390,3401,3413,3424,3433,3441,3452,3462,3469,3475,3483,3486,3483,3482,3480,3477,3470,3464,3463,3464,3462,3458,3454,3451,3450,3453,3458,3464,3471,3477,3483,3494,3503,3512,3523,3532,3540,3550,3564,3574,3584,3593,3602,3610,3620,3630,3640,3646,3654,3665,3676,3683,3691,3699,3709,3720,3732,3741,3752,3763,3772,3780,3791,3805,3818,3829,3839,3846,3843,3836,3828,3819,3810,3803,3796,3793,3787,3781,3774,3768,3761,3753,3749,3745,3739,3732,3726,3721,3714,3704,3696,3692,3689,3686,3682,3681,3678,3674,3673,3672,3670,3666,3662,3658,3657,3654,3649,3642,3637,3635,3634,3629,3625,3625,3624,3626,3627,3630,3632,3633,3635,3639,3643,3647,3650,3656,3658,3656,3653,3652,3653,3655,3655,3656,3659,3657,3654,3654,3656,3655,3652,3648,3645,3644,3644,3643,3637,3631,3630,3625,3615,3607,3607,3609,3613,3615,3615,3615,3615,3614,3615,3612,3608,3607,3608,3611,3617,3623,3628,3634,3642,3653
3216,3227,3238,3249,3259,3270,3277,3282,3287,3286,3283,3277,3272,3264,3257,3248,3236,3230,3226,3229,3238,3243,3246,3254,3262,3268,3273,3277,3279,3278,3275,3274,3267,3254,3243,3237,3240,3245,3254,3264,3273,3282,3292,3304,3314,3322,3328,3336,3346,3351,3354,3354,3350,3346,3340,3333,3327,3323,3319,3318,3319,3320,3323,3322,3318,3314,3307,3297,3286,3280,3276,3278,3281,3285,3292,3301,3312,3323,3332,3343,3358,3369,3377,3384,3391,3399,3410,3421,3429,3436,3445,3454,3462,3469,3475,3478,3476,3474,3473,3469,3460,3454,3452,3451,3447,3442,3440,3440,3443,3448,3453,3460,3467,3473,3480,3490,3499,3507,3516,3526,3535,3546,3559,3568,3578,3588,3598,3606,3615,3627,3638,3647,3653,3661,3670,3678,3685,3696,3708,3719,3730,3739,3751,3764,3772,3781,3794,3808,3819,3829,3840,3848,3846,3839,3830,3823,3814,3806,3799,3794,3788,3783,3775,3769,3762,3756,3752,3749,3740,3733,3730,3728,3720,3711,3705,3699,3694,3690,3684,3684,3682,3680,3677,3676,3674,3669,3664,3660,3659,3656,3653,3647,3640,3636,3634,3629,3628,3630,3632,3635,3637,3638,3637,3638,3642,3645,3647,3650,3654,3660,3663,3661,3659,3658,3659,3662,3662,3662,3663,3661,3658,3657,3658,3655,3651,3646,3643,3641,3641,3641,3637,3631,3630,3624,3614,3604,3603,3606,3610,3613,3614,3614,3612,3610,3607,3605,3604,3605,3606,3608,3612,3617,3621,3627,3636,3649
3210,3222,3232,3243,3251,3263,3273,3280,3285,3287,3284,3277,3270,3264,3258,3248,3235,3228,3224,3223,3231,3238,3242,3248,3256,3263,3268,3271,3273,3273,3271,3269,3260,3247,3240,3237,3239,3244,3251,3259,3270,3280,3292,3302,3310,3319,3327,3336,3343,3348,3352,3353,3349,3344,3337,3329,3322,3316,3311,3311,3311,3313,3315,3314,3311,3306,3299,3289,3280,3274,3270,3273,3277,3282,3288,3302,3313,3326,3339,3351,3361,3371,3378,3387,3393,3398,3405,3416,3424,3431,3438,3447,3457,3464,3469,3470,3469,3468,3465,3462,3453,3444,3439,3438,3434,3430,3430,3433,3440,3446,3453,3463,3469,3474,3481,3490,3499,3506,3514,3525,3533,3546,3557,3565,3575,3587,3597,3604,3611,3621,3634,3643,3652,3658,3666,3673,3681,3694,3709,3718,3727,3738,3751,3763,3771,3781,3794,3810,3824,3834,3844,3851,3848,3842,3832,3824,3816,3809,3803,3795,3788,3782,3773,3766,3761,3756,3753,3750,3742,3737,3735,3732,3725,3717,3709,3704,3700,3695,3688,3687,3686,3684,3681,3679,3677,3671,3668,3664,3661,3659,3656,3650,3644,3638,3635,3632,3633,3636,3639,3640,3642,3643,3644,3647,3650,3652,3651,3653,3659,3664,3668,3668,3665,3663,3664,3665,3663,3662,3662,3660,3657,3656,3656,3654,3649,3644,3640,3637,3637,3637,3634,3629,3627,3620,3613,3605,3601,3603,3606,3610,3613,3614,3613,3609,3604,3600,3600,3603,3603,3605,3608,3611,3613,3617,3626,3639
3209,3219,3229,3238,3247,3259,3272,3282,3286,3288,3285,3277,3270,3264,3259,3248,3235,3228,3221,3218,3223,3230,3235,3241,3249,3256,3260,3263,3267,3267,3264,3260,3251,3242,3238,3236,3238,3244,3250,3257,3269,3279,3290,3299,3306,3315,3325,3334,3341,3346,3350,3349,3345,3340,3333,3326,3318,3311,3305,3304,3304,3305,3308,3308,3305,3299,3291,3281,3274,3268,3265,3268,3277,3285,3294,3305,3315,3327,3338,3351,3362,3370,3378,3387,3394,3397,3402,3411,3419,3427,3433,3441,3452,3459,3462,3463,3462,3461,3457,3452,3445,3435,3427,3424,3423,3422,3425,3433,3441,3450,3457,3465,3470,3477,3482,3490,3500,3509,3517,3527,3538,3551,3561,3568,3577,3587,3597,3606,3613,3621,3632,3640,3648,3657,3667,3674,3682,3694,3710,3717,3726,3738,3752,3762,3771,3780,3794,3813,3828,3838,3847,3855,3851,3845,3836,3826,3816,3809,3805,3798,3791,3785,3774,3765,3761,3756,3754,3752,3745,3742,3740,3736,3729,3722,3714,3710,3708,3701,3694,3690,3688,3686,3683,3682,3681,3676,3672,3668,3664,3663,3659,3655,3649,3643,3640,3641,3642,3643,3642,3642,3644,3645,3650,3653,3654,3655,3657,3658,3663,3669,3674,3674,3670,3668,3667,3666,3662,3660,3658,3655,3653,3651,3649,3648,3645,3640,3635,3630,3632,3632,3629,3625,3621,3614,3607,3601,3597,3597,3599,3604,3611,3615,3614,3610,3604,3601,3600,3600,3599,3601,3604,3605,3605,3610,3617,3629
3211,3220,3226,3236,3248,3262,3274,3283,3287,3288,3286,3277,3270,3263,3256,3245,3234,3225,3218,3214,3216,3220,3226,3234,3243,3249,3255,3258,3261,3259,3255,3249,3240,3236,3232,3231,3234,3240,3247,3253,3264,3277,3287,3297,3305,3314,3321,3330,3338,3347,3349,3347,3341,3336,3329,3323,3314,3304,3297,3296,3297,3298,3300,3302,3299,3292,3283,3275,3269,3264,3261,3267,3281,3292,3300,3310,3318,3327,3336,3351,3363,3371,3377,3385,3392,3396,3399,3404,3413,3422,3429,3436,3445,3452,3454,3454,3452,3450,3447,3443,3435,3425,3418,3414,3414,3417,3424,3435,3443,3451,3458,3466,3473,3481,3486,3494,3504,3512,3521,3531,3542,3554,3565,3571,3581,3591,3599,3605,3612,3621,3630,3637,3646,3656,3666,3676,3686,3695,3707,3716,3725,3738,3753,3762,3771,3782,3796,3813,3827,3839,3852,3860,3858,3852,3843,3831,3820,3811,3807,3802,3793,3789,3779,3770,3761,3756,3754,3755,3749,3745,3744,3740,3733,3726,3720,3715,3712,3704,3698,3694,3691,3688,3685,3683,3683,3683,3679,3674,3670,3667,3664,3659,3655,3648,3645,3647,3648,3646,3647,3649,3652,3652,3655,3657,3657,3660,3662,3665,3668,3673,3676,3679,3679,3678,3674,3667,3661,3657,3654,3649,3647,3646,3644,3640,3636,3632,3627,3625,3623,3623,3621,3619,3615,3606,3600,3594,3591,3591,3590,3595,3606,3611,3612,3608,3604,3600,3598,3594,3592,3595,3600,3601,3602,3606,3613,3623
3212,3223,3230,3240,3253,3265,3274,3282,3286,3288,3287,3277,3269,3262,3253,3242,3229,3221,3214,3210,3211,3214,3218,3227,3237,3244,3249,3252,3252,3248,3245,3239,3231,3227,3223,3223,3230,3238,3245,3251,3262,3277,3286,3295,3305,3314,3319,3325,3335,3346,3350,3346,3341,3336,3327,3320,3311,3300,3292,3289,3289,3290,3294,3297,3294,3287,3277,3270,3265,3260,3260,3270,3281,3291,3301,3310,3319,3329,3339,3352,3362,3370,3377,3383,3388,3391,3395,3400,3409,3419,3428,3432,3439,3445,3446,3444,3441,3438,3435,3432,3421,3411,3408,3406,3410,3415,3424,3436,3443,3450,3458,3468,3477,3486,3493,3499,3505,3514,3524,3537,3548,3557,3566,3573,3583,3592,3598,3603,3611,3620,3627,3634,3643,3654,3665,3676,3688,3697,3704,3714,3728,3744,3756,3764,3774,3786,3797,3813,3826,3839,3854,3864,3861,3855,3847,3835,3824,3813,3806,3800,3792,3789,3784,3775,3765,3759,3759,3758,3752,3746,3745,3742,3737,3729,3723,3718,3714,3707,3701,3697,3694,3691,3688,3687,3686,3684,3681,3677,3675,3672,3666,3660,3655,3651,3650,3652,3653,3652,3654,3660,3664,3662,3661,3663,3664,3669,3672,3673,3676,3679,3680,3683,3686,3685,3679,3670,3662,3656,3650,3641,3639,3641,3638,3631,3626,3623,3620,3617,3614,3612,3613,3611,3604,3598,3591,3586,3585,3584,3583,3588,3598,3603,3605,3604,3600,3597,3595,3591,3588,3591,3595,3598,3600,3604,3610,3618
3215,3225,3232,3243,3254,3265,3272,3281,3287,3288,3286,3277,3268,3260,3251,3236,3227,3219,3211,3206,3206,3210,3214,3221,3231,3238,3242,3243,3239,3237,3234,3230,3222,3217,3215,3219,3229,3241,3248,3253,3265,3278,3286,3294,3304,3313,3319,3325,3334,3343,3348,3345,3340,3333,3326,3317,3308,3297,3289,3285,3282,3284,3289,3291,3287,3281,3273,3264,3258,3255,3259,3270,3280,3289,3298,3309,3320,3329,3340,3351,3361,3370,3374,3377,3380,3384,3389,3395,3404,3415,3423,3429,3436,3441,3441,3436,3430,3426,3424,3420,3409,3401,3399,3402,3408,3416,3426,3435,3442,3451,3460,3472,3481,3487,3493,3499,3506,3515,3527,3540,3550,3557,3566,3573,3580,3587,3593,3602,3611,3618,3625,3633,3642,3653,3665,3676,3687,3698,3707,3716,3730,3745,3757,3766,3781,3793,3805,3816,3829,3839,3852,3862,3860,3855,3848,3838,3828,3814,3804,3798,3793,3789,3781,3771,3766,3763,3761,3759,3752,3748,3746,3744,3740,3733,3727,3724,3719,3710,3704,3700,3697,3696,3694,3693,3689,3685,3680,3677,3676,3676,3669,3660,3656,3656,3659,3660,3659,3658,3662,3667,3671,3671,3670,3670,3673,3677,3681,3683,3684,3685,3687,3686,3688,3688,3683,3674,3666,3659,3652,3641,3634,3634,3632,3623,3618,3615,3612,3610,3607,3603,3603,3602,3594,3587,3582,3578,3577,3576,3575,3579,3587,3592,3595,3598,3596,3593,3591,3588,3585,3586,3590,3594,3597,3598,3601,3610
3218,3226,3235,3248,3258,3266,3274,3282,3289,3288,3285,3278,3270,3259,3247,3235,3226,3219,3211,3205,3202,3204,3210,3217,3226,3230,3232,3230,3228,3224,3222,3217,3212,3211,3212,3221,3234,3248,3251,3258,3270,3282,3287,3294,3302,3313,3318,3325,3334,3341,3342,3341,3338,3332,3323,3314,3306,3294,3284,3280,3276,3277,3280,3280,3277,3274,3267,3257,3250,3251,3259,3272,3283,3291,3297,3307,3320,3330,3339,3353,3359,3364,3368,3369,3370,3374,3380,3389,3398,3407,3416,3423,3433,3436,3434,3428,3419,3415,3411,3406,3399,3394,3393,3398,3406,3416,3426,3435,3442,3452,3464,3474,3481,3487,3493,3499,3507,3517,3525,3536,3547,3556,3564,3573,3581,3587,3595,3604,3613,3619,3627,3638,3647,3655,3667,3675,3685,3700,3712,3720,3730,3743,3753,3770,3786,3800,3812,3831,3838,3842,3852,3860,3860,3854,3847,3838,3828,3814,3802,3800,3796,3792,3784,3775,3770,3767,3763,3759,3755,3751,3750,3747,3741,3734,3729,3728,3724,3713,3707,3703,3701,3703,3700,3698,3693,3686,3683,3682,3681,3679,3673,3664,3659,3663,3666,3669,3670,3669,3669,3673,3674,3677,3679,3678,3680,3684,3687,3688,3687,3690,3692,3690,3689,3690,3686,3679,3673,3667,3657,3645,3638,3634,3627,3621,3616,3610,3608,3607,3603,3598,3597,3594,3588,3581,3578,3575,3572,3571,3570,3572,3578,3583,3588,3592,3593,3589,3587,3586,3584,3582,3584,3589,3594,3596,3597,3599
3218,3228,3237,3252,3260,3265,3272,3282,3285,3283,3281,3279,3272,3262,3251,3238,3229,3218,3209,3203,3198,3199,3204,3211,3218,3221,3221,3220,3216,3212,3209,3206,3205,3208,3211,3220,3235,3249,3255,3264,3275,3284,3287,3294,3305,3314,3322,3328,3333,3334,3333,3332,3331,3325,3318,3309,3300,3289,3280,3272,3267,3266,3268,3268,3267,3265,3258,3250,3246,3249,3259,3276,3288,3293,3299,3309,3320,3332,3343,3353,3357,3359,3362,3363,3366,3371,3377,3385,3394,3401,3410,3420,3427,3429,3426,3418,3410,3406,3401,3396,3391,3388,3389,3395,3403,3414,3425,3432,3441,3453,3464,3473,3481,3487,3492,3500,3510,3517,3523,3531,3542,3555,3566,3575,3584,3591,3599,3608,3618,3625,3632,3643,3650,3659,3669,3676,3685,3697,3712,3719,3728,3740,3754,3771,3785,3799,3818,3833,3841,3847,3856,3862,3860,3853,3842,3835,3827,3816,3806,3801,3796,3790,3784,3779,3775,3772,3766,3762,3758,3755,3753,3750,3746,3740,3733,3730,3723,3717,3714,3711,3705,3705,3704,3704,3698,3689,3689,3691,3687,3684,3679,3670,3665,3666,3670,3678,3683,3682,3683,3684,3686,3690,3692,3690,3692,3692,3693,3694,3692,3693,3696,3694,3695,3696,3692,3686,3681,3674,3661,3647,3640,3635,3628,3620,3616,3611,3607,3606,3601,3596,3593,3591,3584,3577,3573,3570,3568,3567,3565,3565,3569,3575,3582,3587,3589,3590,3590,3588,3584,3580,3580,3584,3590,3595,3595,3594
3218,3227,3236,3248,3257,3265,3272,3278,3279,3278,3277,3275,3271,3262,3252,3241,3229,3218,3208,3200,3194,3192,3196,3201,3208,3213,3214,3211,3208,3204,3202,3201,3201,3208,3213,3221,3235,3248,3257,3268,3278,3287,3291,3296,3303,3314,3321,3326,3329,3328,3326,3323,3320,3316,3309,3303,3295,3287,3276,3266,3261,3258,3258,3257,3255,3251,3247,3243,3241,3246,3258,3272,3283,3294,3305,3314,3322,3331,3341,3351,3354,3358,3360,3362,3366,3372,3378,3383,3392,3398,3406,3415,3421,3421,3416,3409,3401,3396,3391,3386,3383,3384,3388,3396,3404,3413,3423,3433,3443,3455,3466,3474,3479,3485,3490,3500,3509,3519,3528,3537,3545,3558,3568,3577,3585,3594,3604,3612,3623,3632,3638,3647,3653,3660,3670,3678,3687,3697,3709,3720,3733,3747,3762,3776,3786,3801,3819,3831,3841,3851,3858,3859,3857,3850,3842,3834,3827,3819,3809,3804,3795,3791,3786,3781,3775,3770,3766,3763,3760,3754,3752,3751,3749,3745,3740,3733,3727,3722,3720,3717,3709,3705,3708,3710,3706,3697,3694,3693,3691,3687,3686,3677,3672,3671,3680,3687,3690,3690,3693,3696,3697,3699,3699,3697,3698,3700,3697,3697,3697,3699,3703,3701,3701,3703,3698,3691,3684,3674,3663,3652,3642,3637,3631,3622,3616,3611,3607,3603,3596,3594,3591,3587,3583,3577,3571,3568,3565,3565,3562,3560,3562,3568,3577,3582,3587,3591,3591,3588,3581,3577,3576,3580,3586,3589,3589,3589
3217,3226,3235,3247,3255,3261,3268,3274,3274,3273,3272,3271,3268,3262,3253,3240,3228,3218,3210,3200,3189,3186,3187,3189,3196,3203,3206,3205,3200,3198,3198,3199,3202,3209,3217,3228,3241,3253,3261,3269,3277,3286,3291,3297,3303,3310,3314,3319,3322,3322,3320,3318,3314,3308,3302,3297,3292,3285,3274,3264,3256,3249,3247,3246,3243,3240,3237,3234,3237,3245,3258,3268,3278,3293,3306,3316,3324,3330,3338,3347,3352,3356,3360,3363,3366,3370,3376,3381,3388,3396,3404,3412,3415,3414,3408,3403,3395,3388,3383,3380,3379,3381,3387,3395,3403,3414,3426,3437,3447,3458,3468,3475,3478,3486,3494,3500,3509,3519,3530,3540,3549,3559,3571,3579,3587,3599,3607,3614,3624,3634,3641,3649,3655,3660,3667,3676,3688,3699,3711,3722,3738,3755,3767,3780,3795,3807,3821,3836,3845,3852,3856,3856,3855,3852,3845,3836,3827,3819,3810,3803,3799,3796,3789,3782,3775,3769,3765,3764,3759,3752,3750,3750,3749,3746,3743,3736,3732,3726,3722,3719,3712,3709,3711,3712,3709,3704,3700,3697,3692,3692,3691,3686,3682,3684,3687,3692,3693,3694,3700,3704,3703,3704,3705,3703,3704,3703,3701,3701,3703,3705,3709,3709,3707,3705,3703,3697,3687,3676,3668,3659,3649,3642,3637,3629,3619,3614,3610,3604,3598,3596,3590,3586,3583,3580,3574,3566,3563,3562,3561,3559,3559,3564,3571,3577,3583,3587,3588,3585,3578,3573,3573,3575,3579,3583,3584,3585
3218,3227,3236,3246,3252,3255,3261,3269,3271,3272,3272,3270,3268,3263,3254,3241,3228,3219,3211,3200,3188,3181,3178,3180,3187,3193,3197,3197,3194,3192,3196,3202,3211,3219,3225,3234,3244,3256,3263,3270,3277,3285,3291,3299,3305,3308,3311,3314,3316,3316,3312,3310,3306,3302,3296,3291,3288,3283,3271,3262,3253,3244,3238,3235,3233,3229,3227,3231,3238,3249,3259,3268,3280,3294,3307,3317,3323,3328,3335,3340,3345,3351,3356,3361,3365,3370,3375,3381,3388,3394,3401,3407,3409,3406,3401,3395,3388,3381,3377,3375,3377,3381,3388,3396,3407,3418,3430,3440,3450,3458,3465,3474,3479,3490,3498,3503,3510,3521,3530,3540,3549,3558,3570,3580,3589,3600,3610,3617,3627,3635,3642,3651,3659,3664,3671,3680,3693,3707,3716,3726,3742,3758,3769,3782,3799,3813,3824,3839,3848,3855,3858,3859,3858,3856,3851,3844,3836,3821,3812,3806,3802,3798,3792,3787,3781,3773,3771,3767,3761,3754,3753,3751,3749,3747,3744,3738,3733,3727,3723,3721,3718,3715,3713,3712,3711,3706,3703,3700,3698,3695,3694,3692,3692,3693,3695,3697,3698,3701,3708,3712,3710,3710,3712,3710,3710,3709,3706,3707,3709,3711,3714,3714,3713,3711,3708,3703,3692,3681,3673,3666,3655,3646,3641,3634,3627,3619,3615,3607,3601,3597,3591,3586,3582,3579,3573,3566,3559,3559,3558,3555,3554,3556,3563,3570,3574,3578,3582,3582,3579,3575,3571,3569,3573,3578,3581,3582
3219,3227,3235,3244,3249,3250,3254,3261,3265,3268,3269,3270,3269,3265,3256,3243,3230,3220,3214,3204,3192,3179,3172,3173,3176,3180,3184,3189,3190,3190,3198,3209,3220,3226,3230,3238,3247,3257,3264,3272,3280,3287,3291,3296,3302,3306,3308,3309,3310,3309,3304,3300,3296,3294,3290,3286,3284,3281,3270,3258,3248,3238,3230,3227,3225,3222,3224,3230,3243,3253,3261,3272,3284,3294,3304,3313,3319,3325,3331,3335,3339,3344,3348,3355,3361,3366,3373,3380,3389,3394,3398,3402,3402,3398,3392,3386,3378,3374,3371,3370,3374,3382,3388,3397,3410,3422,3433,3442,3450,3457,3464,3470,3478,3490,3499,3506,3513,3522,3531,3541,3549,3557,3568,3580,3589,3600,3612,3621,3628,3635,3642,3650,3659,3670,3680,3686,3697,3709,3719,3732,3747,3763,3776,3787,3803,3818,3831,3843,3850,3856,3860,3862,3860,3858,3856,3852,3842,3828,3819,3813,3806,3800,3795,3791,3787,3781,3778,3774,3765,3761,3760,3755,3748,3747,3745,3740,3738,3732,3728,3726,3725,3721,3717,3714,3711,3710,3707,3705,3703,3699,3697,3698,3698,3699,3702,3703,3704,3708,3714,3719,3718,3717,3720,3718,3715,3713,3712,3712,3714,3717,3717,3717,3716,3714,3711,3706,3698,3689,3681,3671,3660,3650,3641,3634,3628,3623,3617,3610,3603,3597,3590,3584,3579,3574,3569,3563,3558,3556,3555,3553,3549,3548,3555,3563,3567,3570,3573,3576,3577,3573,3569,3568,3568,3573,3575,3577
3217,3225,3230,3237,3244,3247,3250,3257,3260,3263,3266,3270,3269,3265,3256,3242,3230,3222,3213,3205,3194,3179,3169,3166,3167,3170,3176,3183,3188,3191,3202,3212,3223,3229,3232,3241,3252,3261,3268,3277,3285,3290,3292,3294,3298,3302,3305,3307,3305,3302,3297,3292,3287,3285,3282,3281,3279,3276,3264,3252,3239,3229,3220,3218,3217,3218,3223,3233,3243,3253,3262,3276,3287,3296,3305,3311,3316,3323,3328,3332,3335,3339,3344,3350,3357,3364,3372,3381,3388,3392,3396,3399,3397,3394,3387,3380,3373,3369,3367,3367,3374,3385,3392,3400,3413,3425,3434,3440,3447,3454,3459,3463,3471,3485,3496,3504,3512,3521,3531,3542,3551,3557,3567,3579,3589,3601,3613,3621,3628,3635,3644,3650,3658,3670,3682,3688,3696,3708,3721,3735,3751,3767,3782,3794,3807,3823,3836,3845,3852,3857,3861,3862,3861,3860,3857,3854,3843,3831,3825,3820,3813,3806,3801,3796,3791,3785,3782,3777,3768,3763,3762,3756,3749,3747,3746,3743,3741,3736,3733,3733,3731,3727,3723,3717,3714,3713,3712,3709,3707,3703,3701,3701,3702,3703,3707,3709,3710,3713,3719,3725,3726,3725,3725,3721,3717,3717,3717,3715,3717,3719,3718,3717,3718,3718,3715,3709,3703,3697,3691,3679,3665,3654,3642,3634,3628,3624,3619,3612,3605,3598,3591,3584,3578,3571,3565,3562,3558,3553,3551,3550,3546,3544,3549,3557,3562,3564,3566,3570,3573,3571,3567,3565,3564,3566,3570,3574
3213,3218,3223,3229,3236,3242,3247,3252,3256,3259,3264,3266,3265,3259,3250,3237,3228,3220,3209,3202,3192,3176,3164,3160,3160,3164,3172,3180,3187,3192,3201,3212,3224,3231,3237,3247,3256,3266,3273,3282,3287,3290,3293,3294,3295,3297,3302,3304,3302,3298,3291,3284,3279,3276,3275,3273,3270,3267,3255,3244,3233,3223,3213,3210,3212,3217,3227,3236,3244,3255,3266,3277,3288,3297,3304,3309,3312,3318,3324,3329,3332,3335,3341,3349,3356,3363,3371,3381,3386,3390,3395,3397,3394,3390,3383,3374,3368,3363,3363,3366,3376,3388,3396,3403,3416,3426,3433,3439,3444,3450,3456,3462,3470,3482,3492,3503,3511,3519,3529,3541,3551,3558,3568,3578,3590,3601,3613,3620,3628,3637,3647,3653,3661,3672,3684,3688,3696,3710,3724,3738,3757,3773,3789,3800,3810,3822,3836,3848,3854,3859,3861,3862,3862,3861,3858,3854,3846,3839,3834,3827,3821,3812,3805,3800,3793,3787,3784,3781,3773,3766,3761,3757,3753,3750,3746,3744,3742,3738,3736,3736,3733,3730,3727,3722,3716,3714,3712,3710,3709,3707,3704,3703,3705,3708,3712,3715,3716,3718,3726,3730,3732,3731,3729,3727,3723,3721,3722,3721,3721,3720,3719,3720,3721,3722,3719,3713,3709,3705,3696,3684,3670,3657,3644,3636,3630,3624,3619,3613,3607,3601,3593,3586,3578,3570,3563,3560,3556,3551,3547,3544,3542,3540,3543,3549,3555,3558,3563,3567,3569,3568,3565,3562,3560,3560,3565,3569
3206,3211,3217,3224,3230,3237,3242,3247,3251,3256,3260,3260,3257,3253,3243,3234,3227,3216,3205,3196,3185,3171,3162,3157,3158,3162,3171,3178,3187,3195,3203,3213,3225,3235,3243,3252,3262,3270,3277,3283,3287,3288,3290,3292,3293,3293,3297,3300,3298,3294,3287,3278,3273,3270,3267,3263,3261,3257,3247,3238,3230,3222,3210,3206,3211,3220,3230,3237,3246,3259,3270,3279,3287,3296,3302,3306,3309,3314,3319,3324,3329,3335,3340,3348,3356,3362,3371,3379,3384,3388,3394,3395,3390,3383,3375,3366,3361,3356,3357,3363,3374,3389,3398,3404,3415,3425,3431,3436,3441,3447,3454,3463,3472,3481,3490,3502,3510,3517,3525,3536,3547,3558,3568,3577,3589,3601,3612,3619,3629,3641,3649,3657,3666,3675,3684,3689,3698,3712,3726,3743,3763,3778,3795,3806,3815,3826,3841,3852,3857,3863,3864,3866,3866,3866,3863,3859,3854,3850,3844,3838,3827,3816,3807,3801,3796,3792,3789,3784,3778,3771,3764,3759,3757,3753,3746,3743,3743,3741,3739,3737,3735,3732,3732,3728,3721,3717,3714,3713,3713,3710,3708,3708,3710,3714,3717,3721,3722,3725,3731,3735,3737,3736,3734,3732,3731,3728,3726,3726,3725,3722,3722,3724,3724,3725,3722,3717,3714,3709,3698,3687,3675,3660,3647,3636,3630,3624,3618,3611,3606,3602,3594,3585,3577,3570,3563,3558,3553,3549,3544,3541,3539,3537,3538,3542,3546,3551,3557,3563,3566,3565,3563,3561,3556,3555,3558,3561
3200,3205,3211,3219,3226,3232,3237,3242,3247,3252,3255,3254,3252,3249,3241,3233,3224,3212,3199,3189,3178,3167,3160,3156,3158,3164,3172,3180,3190,3199,3208,3217,3228,3238,3248,3257,3265,3272,3277,3281,3284,3284,3284,3287,3290,3292,3295,3296,3296,3291,3283,3274,3267,3263,3258,3255,3251,3248,3242,3235,3227,3217,3206,3203,3210,3220,3230,3239,3249,3261,3272,3280,3286,3293,3298,3302,3306,3310,3315,3320,3327,3335,3340,3346,3355,3362,3369,3377,3381,3386,3390,3391,3385,3377,3367,3359,3354,3350,3353,3360,3373,3386,3394,3401,3411,3421,3427,3432,3437,3445,3453,3462,3471,3479,3488,3499,3508,3514,3524,3535,3547,3559,3568,3577,3588,3600,3609,3617,3629,3641,3651,3660,3669,3676,3683,3693,3704,3717,3732,3753,3770,3782,3798,3810,3819,3834,3849,3857,3863,3868,3870,3872,3872,3871,3869,3867,3864,3859,3854,3846,3832,3820,3810,3805,3800,3799,3795,3789,3783,3778,3772,3768,3763,3756,3747,3742,3742,3742,3741,3739,3737,3733,3733,3732,3725,3719,3718,3718,3717,3715,3715,3714,3716,3719,3723,3727,3729,3731,3735,3739,3741,3740,3738,3736,3736,3731,3727,3728,3728,3727,3727,3727,3726,3727,3724,3720,3718,3713,3701,3691,3679,3662,3648,3637,3628,3621,3614,3607,3603,3599,3592,3584,3577,3570,3563,3556,3549,3547,3542,3537,3536,3535,3535,3537,3539,3544,3551,3557,3560,3561,3561,3559,3555,3551,3551,3553
3194,3199,3205,3212,3220,3226,3231,3237,3241,3246,3249,3250,3249,3246,3238,3230,3220,3207,3195,3184,3171,3161,3154,3151,3156,3164,3174,3185,3195,3204,3211,3219,3230,3240,3252,3260,3266,3271,3274,3277,3279,3277,3278,3281,3285,3290,3293,3294,3293,3288,3279,3269,3262,3255,3249,3245,3243,3242,3237,3231,3222,3210,3202,3203,3210,3219,3230,3241,3252,3264,3273,3280,3285,3291,3294,3296,3300,3306,3311,3318,3325,3333,3340,3346,3354,3360,3367,3374,3380,3384,3387,3385,3380,3372,3361,3353,3348,3346,3350,3359,3371,3381,3389,3396,3406,3416,3421,3426,3432,3443,3453,3461,3470,3479,3486,3496,3505,3514,3527,3541,3551,3561,3570,3579,3589,3599,3608,3617,3629,3641,3652,3662,3670,3676,3685,3699,3713,3724,3739,3760,3774,3784,3800,3813,3824,3840,3853,3861,3866,3871,3874,3876,3877,3874,3871,3870,3869,3867,3866,3858,3841,3829,3820,3813,3808,3805,3802,3797,3792,3787,3783,3779,3771,3761,3750,3743,3742,3743,3743,3743,3738,3734,3734,3734,3729,3723,3722,3721,3719,3718,3718,3718,3721,3723,3728,3732,3734,3735,3739,3743,3745,3744,3741,3738,3737,3732,3729,3730,3731,3731,3730,3729,3729,3728,3725,3722,3721,3714,3703,3694,3682,3664,3649,3638,3627,3619,3611,3603,3598,3594,3589,3582,3575,3568,3561,3553,3546,3544,3538,3534,3532,3531,3533,3534,3535,3538,3544,3550,3552,3555,3557,3556,3553,3549,3548,3549
3189,3195,3201,3207,3215,3221,3225,3230,3234,3237,3242,3245,3244,3242,3235,3225,3215,3203,3190,3178,3164,3154,3147,3145,3153,3164,3177,3189,3198,3207,3214,3221,3231,3244,3254,3261,3264,3267,3269,3271,3272,3271,3273,3276,3280,3286,3289,3290,3288,3282,3273,3265,3258,3250,3242,3236,3235,3233,3229,3225,3215,3204,3201,3204,3211,3220,3231,3243,3255,3265,3272,3280,3284,3287,3288,3290,3295,3301,3308,3316,3324,3332,3339,3347,3354,3361,3368,3373,3378,3382,3383,3380,3374,3365,3354,3346,3342,3341,3346,3355,3367,3375,3382,3390,3401,3411,3417,3421,3428,3439,3452,3460,3469,3479,3485,3493,3502,3515,3530,3543,3552,3562,3573,3581,3591,3601,3610,3618,3630,3641,3652,3661,3669,3677,3689,3704,3719,3728,3744,3763,3777,3788,3802,3817,3829,3842,3854,3865,3869,3874,3875,3878,3879,3876,3872,3871,3873,3876,3877,3871,3856,3842,3833,3826,3820,3816,3812,3806,3800,3796,3791,3785,3777,3765,3754,3745,3743,3746,3747,3746,3741,3737,3738,3739,3735,3729,3727,3724,3720,3719,3722,3724,3727,3728,3731,3735,3737,3740,3745,3748,3748,3747,3745,3740,3737,3734,3733,3733,3734,3733,3731,3729,3729,3728,3726,3724,3721,3715,3706,3695,3684,3665,3650,3638,3625,3615,3606,3598,3592,3587,3582,3577,3572,3565,3558,3549,3543,3540,3534,3530,3527,3526,3529,3531,3530,3532,3538,3544,3547,3550,3552,3550,3548,3548,3547,3548
3186,3192,3198,3204,3210,3216,3217,3221,3226,3228,3233,3237,3237,3234,3229,3220,3210,3198,3185,3173,3160,3149,3143,3144,3154,3164,3178,3191,3199,3208,3216,3223,3233,3245,3254,3258,3259,3261,3263,3263,3263,3265,3267,3271,3275,3280,3284,3284,3280,3274,3267,3261,3255,3246,3237,3229,3225,3221,3218,3215,3207,3200,3200,3204,3212,3222,3235,3246,3258,3265,3271,3277,3279,3280,3281,3285,3291,3298,3306,3315,3323,3330,3337,3345,3354,3362,3368,3374,3377,3378,3378,3373,3364,3355,3347,3340,3337,3337,3342,3349,3361,3369,3376,3385,3397,3407,3413,3418,3425,3434,3447,3457,3467,3479,3485,3493,3502,3516,3530,3538,3546,3561,3574,3584,3596,3605,3613,3621,3631,3640,3650,3660,3669,3678,3692,3707,3721,3733,3748,3764,3781,3795,3807,3822,3834,3844,3854,3866,3871,3874,3875,3877,3880,3880,3878,3878,3881,3884,3883,3878,3868,3855,3846,3839,3834,3829,3823,3815,3809,3803,3796,3788,3781,3770,3758,3749,3747,3749,3751,3749,3742,3741,3743,3743,3740,3736,3732,3730,3726,3726,3731,3733,3734,3735,3735,3737,3740,3744,3750,3753,3751,3751,3749,3744,3740,3739,3739,3739,3739,3738,3733,3729,3728,3727,3726,3724,3721,3717,3710,3697,3681,3664,3650,3636,3620,3608,3600,3592,3586,3580,3575,3570,3565,3558,3552,3543,3537,3534,3529,3528,3524,3523,3525,3527,3525,3526,3531,3539,3543,3546,3546,3545,3545,3546,3546,3546
3180,3186,3193,3200,3205,3209,3209,3211,3215,3218,3223,3230,3230,3228,3222,3214,3204,3191,3179,3166,3153,3144,3142,3148,3156,3165,3180,3192,3200,3210,3217,3224,3232,3243,3249,3251,3250,3253,3254,3254,3254,3258,3260,3264,3268,3274,3276,3275,3271,3266,3260,3255,3250,3242,3233,3224,3218,3213,3208,3205,3201,3196,3198,3204,3213,3225,3239,3249,3259,3264,3268,3272,3272,3272,3275,3280,3287,3296,3304,3314,3323,3329,3336,3344,3353,3360,3367,3375,3376,3374,3370,3363,3354,3347,3341,3336,3334,3337,3342,3348,3357,3365,3372,3381,3393,3404,3411,3417,3424,3433,3443,3453,3465,3477,3486,3494,3504,3516,3527,3535,3545,3561,3576,3587,3598,3606,3613,3622,3632,3640,3650,3660,3670,3680,3693,3707,3721,3736,3752,3767,3784,3799,3813,3826,3836,3846,3855,3864,3870,3871,3872,3876,3880,3884,3886,3888,3888,3887,3884,3881,3874,3865,3857,3852,3846,3841,3833,3823,3816,3809,3801,3791,3782,3773,3762,3754,3751,3751,3754,3751,3741,3742,3746,3745,3743,3741,3738,3737,3736,3737,3739,3741,3742,3741,3740,3742,3744,3748,3754,3756,3755,3754,3751,3747,3744,3744,3743,3743,3744,3744,3740,3734,3732,3730,3727,3725,3722,3716,3709,3693,3674,3659,3645,3629,3613,3601,3594,3588,3582,3577,3571,3566,3559,3552,3545,3538,3532,3529,3526,3526,3524,3521,3521,3522,3521,3521,3525,3532,3537,3539,3540,3542,3543,3543,3543,3542
3172,3179,3187,3194,3199,3201,3200,3201,3205,3207,3213,3220,3222,3221,3216,3207,3198,3184,3170,3155,3143,3138,3142,3151,3158,3166,3182,3193,3201,3209,3216,3222,3228,3236,3240,3241,3241,3242,3243,3244,3244,3248,3251,3255,3260,3264,3267,3265,3262,3257,3251,3247,3242,3236,3227,3220,3215,3208,3202,3199,3196,3193,3197,3204,3213,3226,3240,3251,3258,3262,3265,3267,3266,3266,3269,3276,3285,3293,3302,3314,3322,3328,3335,3343,3353,3360,3366,3373,3373,3368,3361,3353,3347,3341,3335,3331,3331,3336,3342,3347,3355,3363,3370,3378,3388,3398,3407,3418,3427,3434,3442,3453,3465,3475,3485,3495,3505,3516,3528,3539,3551,3565,3576,3587,3597,3605,3613,3621,3632,3642,3652,3661,3670,3681,3695,3707,3719,3736,3755,3770,3783,3797,3813,3826,3837,3847,3856,3864,3868,3869,3870,3876,3883,3889,3894,3895,3891,3888,3886,3885,3881,3874,3868,3862,3856,3850,3842,3832,3822,3815,3807,3796,3785,3775,3766,3758,3753,3753,3755,3751,3743,3743,3748,3746,3743,3745,3744,3743,3743,3744,3746,3748,3752,3751,3750,3751,3752,3754,3757,3758,3758,3756,3752,3749,3749,3748,3746,3746,3748,3748,3746,3741,3739,3736,3730,3727,3721,3710,3698,3683,3666,3652,3637,3620,3607,3595,3590,3586,3581,3576,3571,3566,3560,3552,3543,3535,3529,3525,3524,3525,3524,3520,3518,3517,3516,3517,3521,3526,3530,3530,3531,3537,3540,3538,3536,3536
3166,3175,3182,3188,3192,3191,3190,3192,3196,3198,3203,3209,3211,3213,3208,3199,3191,3177,3164,3148,3137,3134,3139,3147,3156,3166,3180,3192,3199,3206,3212,3218,3223,3227,3229,3231,3232,3232,3232,3233,3232,3236,3241,3246,3250,3253,3256,3255,3251,3247,3241,3237,3232,3225,3220,3217,3212,3204,3197,3193,3190,3189,3195,3203,3212,3225,3239,3249,3256,3260,3261,3261,3260,3261,3265,3274,3282,3292,3302,3313,3321,3327,3333,3342,3352,3360,3365,3368,3368,3362,3355,3347,3340,3335,3328,3324,3327,3334,3340,3345,3352,3359,3366,3374,3384,3392,3402,3416,3426,3434,3443,3455,3466,3474,3484,3495,3506,3517,3531,3543,3555,3567,3575,3584,3594,3605,3613,3620,3631,3644,3654,3662,3670,3680,3694,3707,3720,3735,3754,3768,3777,3792,3810,3824,3835,3845,3854,3863,3869,3872,3875,3879,3886,3894,3901,3900,3895,3893,3892,3893,3891,3884,3877,3872,3864,3857,3849,3839,3828,3821,3812,3801,3791,3779,3769,3761,3756,3758,3758,3754,3749,3747,3750,3747,3744,3745,3746,3746,3745,3748,3751,3755,3760,3760,3760,3760,3760,3761,3761,3761,3760,3758,3755,3754,3754,3752,3749,3750,3750,3748,3747,3746,3745,3739,3733,3730,3721,3704,3688,3673,3659,3644,3628,3612,3601,3592,3586,3583,3579,3576,3573,3568,3563,3555,3545,3537,3528,3523,3521,3522,3520,3516,3514,3513,3513,3515,3519,3522,3524,3523,3525,3532,3536,3534,3531,3529
3161,3171,3178,3182,3182,3181,3181,3183,3188,3190,3194,3198,3200,3202,3197,3191,3186,3174,3161,3146,3135,3133,3135,3141,3153,3164,3175,3188,3195,3201,3207,3214,3218,3218,3219,3220,3221,3221,3220,3220,3220,3224,3230,3236,3241,3243,3244,3243,3241,3236,3231,3226,3219,3213,3211,3210,3205,3196,3190,3186,3183,3184,3192,3200,3211,3224,3237,3246,3253,3257,3256,3253,3254,3257,3262,3271,3280,3289,3300,3310,3318,3325,3332,3339,3348,3356,3360,3362,3362,3357,3350,3342,3333,3327,3321,3318,3324,3332,3339,3343,3350,3357,3365,3372,3381,3390,3399,3410,3420,3432,3442,3455,3466,3475,3484,3493,3503,3517,3532,3543,3553,3565,3573,3581,3591,3604,3613,3622,3632,3643,3654,3664,3671,3679,3693,3709,3722,3733,3750,3764,3773,3790,3811,3822,3830,3840,3851,3862,3870,3878,3883,3884,3889,3897,3903,3906,3904,3903,3903,3902,3900,3895,3889,3883,3873,3864,3853,3843,3833,3825,3817,3809,3799,3786,3774,3766,3764,3763,3762,3757,3754,3753,3752,3750,3746,3746,3749,3750,3749,3752,3755,3758,3761,3765,3767,3766,3765,3766,3765,3765,3762,3759,3757,3758,3758,3757,3755,3755,3752,3749,3749,3749,3746,3740,3736,3733,3725,3706,3689,3672,3653,3637,3621,3607,3598,3589,3582,3578,3575,3572,3572,3568,3563,3555,3547,3538,3528,3520,3518,3519,3516,3514,3513,3511,3508,3511,3515,3517,3520,3521,3525,3531,3535,3535,3530,3525
3156,3166,3172,3174,3173,3171,3172,3175,3177,3180,3185,3188,3190,3192,3188,3186,3182,3171,3159,3146,3134,3131,3134,3138,3151,3162,3170,3180,3188,3195,3201,3206,3209,3209,3209,3209,3207,3206,3207,3208,3208,3213,3220,3227,3231,3232,3231,3231,3229,3225,3221,3215,3208,3204,3201,3198,3193,3187,3182,3178,3177,3181,3189,3197,3209,3224,3235,3242,3248,3252,3251,3248,3250,3255,3260,3269,3278,3286,3296,3306,3314,3322,3328,3336,3342,3347,3350,3352,3354,3351,3344,3335,3326,3320,3315,3315,3321,3328,3336,3343,3352,3358,3365,3372,3379,3388,3396,3407,3416,3429,3439,3452,3464,3473,3482,3491,3499,3514,3530,3541,3550,3560,3570,3579,3590,3602,3613,3622,3632,3641,3650,3662,3670,3679,3693,3711,3723,3734,3746,3760,3772,3789,3808,3817,3825,3835,3848,3861,3868,3877,3885,3887,3891,3897,3904,3910,3911,3912,3912,3911,3907,3903,3898,3891,3881,3871,3859,3847,3837,3828,3821,3815,3804,3791,3780,3773,3769,3768,3765,3759,3755,3754,3755,3754,3751,3751,3754,3757,3756,3757,3760,3760,3761,3766,3770,3769,3767,3768,3769,3769,3765,3762,3761,3760,3761,3762,3760,3760,3757,3753,3750,3749,3746,3741,3739,3736,3728,3714,3695,3669,3647,3633,3618,3605,3596,3586,3580,3575,3570,3567,3567,3566,3559,3553,3546,3537,3526,3519,3517,3516,3513,3513,3513,3510,3504,3505,3509,3512,3514,3518,3525,3530,3533,3533,3529,3525
3150,3158,3164,3166,3164,3161,3161,3162,3165,3170,3175,3178,3182,3185,3185,3181,3174,3165,3155,3142,3129,3128,3133,3137,3148,3158,3165,3173,3182,3189,3195,3198,3200,3200,3200,3198,3193,3191,3193,3195,3196,3202,3209,3216,3221,3222,3219,3218,3216,3212,3207,3201,3197,3195,3191,3187,3182,3178,3175,3174,3175,3179,3185,3192,3204,3219,3231,3238,3243,3246,3244,3243,3248,3254,3260,3268,3276,3284,3293,3302,3309,3315,3321,3328,3333,3336,3338,3341,3345,3343,3336,3326,3318,3314,3311,3313,3318,3324,3331,3341,3352,3359,3367,3372,3378,3386,3397,3407,3416,3428,3438,3449,3460,3470,3480,3490,3499,3514,3529,3538,3546,3555,3567,3578,3590,3602,3611,3619,3629,3637,3647,3658,3667,3677,3692,3708,3723,3735,3746,3758,3770,3783,3800,3811,3820,3832,3845,3857,3864,3871,3881,3887,3893,3900,3907,3914,3916,3917,3919,3918,3914,3910,3904,3897,3888,3877,3864,3850,3841,3832,3824,3817,3805,3794,3785,3778,3772,3770,3767,3762,3757,3755,3757,3759,3760,3759,3758,3762,3763,3764,3766,3766,3765,3770,3774,3772,3771,3771,3774,3774,3770,3767,3766,3763,3762,3764,3766,3767,3765,3760,3753,3750,3746,3741,3740,3737,3726,3714,3698,3662,3646,3633,3616,3605,3593,3583,3579,3574,3566,3562,3562,3562,3556,3549,3543,3535,3527,3520,3516,3515,3513,3511,3511,3509,3503,3500,3503,3507,3509,3512,3520,3526,3528,3528,3526,3525
3142,3147,3153,3155,3154,3150,3148,3149,3153,3159,3165,3168,3173,3178,3180,3174,3167,3159,3149,3135,3119,3123,3131,3138,3147,3153,3158,3166,3175,3181,3187,3192,3193,3191,3190,3186,3180,3178,3180,3181,3183,3189,3197,3204,3209,3212,3209,3205,3203,3200,3196,3189,3186,3184,3180,3176,3174,3173,3173,3176,3178,3179,3182,3187,3198,3212,3225,3231,3235,3237,3236,3238,3244,3252,3258,3267,3275,3283,3290,3296,3301,3307,3312,3317,3321,3324,3329,3332,3335,3333,3327,3318,3312,3309,3307,3309,3316,3322,3330,3339,3349,3357,3365,3372,3379,3389,3399,3408,3416,3428,3437,3447,3458,3467,3479,3490,3498,3513,3527,3534,3541,3552,3563,3575,3589,3600,3609,3618,3628,3636,3645,3653,3661,3673,3691,3704,3720,3736,3746,3758,3767,3777,3792,3805,3815,3827,3839,3851,3857,3864,3875,3884,3894,3904,3911,3917,3920,3922,3923,3923,3920,3916,3909,3902,3893,3883,3870,3857,3846,3835,3826,3820,3808,3798,3789,3781,3774,3769,3768,3765,3761,3759,3760,3762,3764,3761,3760,3764,3767,3768,3770,3771,3774,3778,3782,3779,3777,3779,3781,3779,3775,3772,3772,3767,3765,3767,3771,3771,3770,3769,3763,3756,3749,3742,3740,3735,3723,3711,3697,3665,3645,3630,3614,3604,3594,3581,3577,3572,3563,3560,3560,3559,3553,3546,3540,3534,3528,3522,3518,3516,3515,3512,3510,3508,3503,3498,3499,3501,3503,3504,3509,3514,3518,3518,3519,3519
3132,3135,3140,3142,3141,3138,3136,3136,3141,3147,3152,3157,3161,3166,3168,3166,3161,3155,3144,3126,3114,3118,3129,3137,3143,3148,3152,3158,3166,3171,3177,3183,3186,3183,3178,3173,3166,3165,3167,3167,3169,3175,3182,3191,3197,3198,3198,3195,3191,3189,3184,3179,3176,3174,3171,3170,3171,3174,3178,3180,3182,3182,3181,3185,3192,3203,3215,3222,3226,3228,3229,3234,3243,3252,3257,3264,3270,3278,3283,3288,3292,3297,3301,3306,3310,3314,3318,3320,3322,3323,3319,3312,3307,3305,3303,3305,3313,3321,3329,3338,3346,3353,3361,3371,3381,3390,3399,3407,3416,3427,3437,3445,3454,3466,3477,3489,3497,3509,3521,3530,3539,3550,3561,3573,3585,3596,3606,3616,3628,3635,3641,3648,3657,3668,3685,3697,3713,3731,3744,3752,3760,3770,3783,3797,3808,3820,3832,3844,3851,3857,3869,3880,3892,3903,3911,3917,3921,3924,3927,3928,3925,3919,3913,3905,3896,3886,3873,3862,3850,3839,3830,3823,3812,3802,3792,3783,3775,3772,3770,3768,3765,3764,3766,3768,3768,3765,3762,3765,3768,3770,3772,3775,3779,3783,3787,3785,3783,3785,3786,3783,3780,3778,3777,3772,3769,3772,3777,3774,3771,3773,3770,3763,3753,3746,3743,3736,3721,3706,3684,3659,3635,3622,3610,3600,3592,3582,3575,3569,3564,3562,3560,3554,3549,3543,3537,3532,3527,3522,3518,3518,3514,3510,3508,3506,3502,3500,3498,3496,3496,3497,3499,3503,3507,3508,3509,3512
3119,3122,3127,3129,3129,3128,3125,3124,3127,3132,3138,3143,3148,3153,3155,3157,3156,3147,3135,3122,3112,3116,3127,3135,3137,3140,3143,3148,3157,3163,3167,3173,3176,3172,3168,3162,3156,3152,3152,3153,3157,3162,3168,3177,3183,3185,3184,3183,3180,3178,3174,3170,3168,3167,3169,3172,3176,3180,3183,3184,3185,3186,3186,3187,3191,3198,3207,3213,3218,3222,3226,3233,3242,3250,3252,3255,3261,3267,3271,3276,3281,3286,3289,3293,3298,3301,3304,3306,3311,3314,3310,3304,3300,3301,3301,3302,3310,3319,3328,3335,3344,3351,3359,3370,3380,3390,3397,3404,3414,3426,3434,3444,3453,3463,3474,3486,3495,3504,3514,3526,3537,3549,3559,3569,3579,3589,3602,3613,3623,3630,3637,3646,3656,3667,3681,3692,3706,3722,3736,3744,3752,3764,3777,3788,3801,3813,3825,3838,3845,3851,3863,3876,3887,3901,3911,3919,3924,3928,3931,3931,3925,3921,3915,3909,3898,3888,3877,3867,3855,3845,3834,3824,3813,3804,3795,3787,3780,3778,3776,3772,3769,3768,3770,3771,3770,3768,3766,3767,3770,3773,3777,3780,3783,3785,3788,3787,3786,3786,3787,3785,3784,3785,3782,3779,3775,3778,3781,3781,3778,3777,3772,3763,3755,3747,3744,3735,3718,3699,3675,3650,3630,3618,3609,3596,3589,3582,3574,3566,3565,3564,3559,3551,3546,3542,3536,3532,3525,3521,3516,3515,3511,3507,3506,3506,3503,3501,3497,3490,3488,3492,3496,3499,3501,3501,3503,3505
3110,3113,3115,3116,3116,3116,3114,3112,3113,3116,3122,3129,3138,3145,3149,3152,3150,3139,3129,3118,3111,3115,3124,3129,3129,3129,3133,3139,3146,3152,3157,3160,3163,3161,3158,3154,3146,3141,3142,3144,3147,3151,3158,3165,3169,3170,3173,3173,3172,3168,3164,3162,3161,3163,3170,3178,3183,3186,3188,3189,3190,3190,3189,3189,3192,3196,3200,3207,3213,3218,3224,3230,3237,3243,3244,3247,3250,3253,3256,3262,3269,3274,3276,3278,3282,3286,3289,3293,3299,3303,3301,3297,3295,3297,3298,3301,3309,3319,3328,3334,3342,3349,3358,3371,3380,3388,3395,3401,3412,3423,3430,3439,3452,3463,3473,3483,3493,3501,3510,3521,3534,3546,3557,3567,3576,3586,3597,3606,3614,3622,3632,3642,3652,3662,3675,3687,3699,3713,3725,3736,3745,3757,3771,3782,3791,3802,3815,3828,3839,3847,3856,3870,3883,3897,3911,3919,3925,3929,3933,3932,3927,3923,3919,3911,3900,3891,3882,3872,3860,3848,3836,3825,3814,3804,3795,3788,3782,3780,3777,3773,3771,3769,3770,3771,3770,3770,3770,3771,3773,3777,3780,3783,3785,3786,3788,3789,3789,3789,3789,3787,3788,3789,3788,3784,3779,3780,3785,3786,3784,3777,3772,3765,3755,3741,3736,3727,3713,3692,3670,3652,3634,3619,3605,3590,3583,3580,3574,3566,3563,3562,3556,3549,3544,3541,3536,3531,3525,3518,3514,3512,3510,3507,3506,3507,3504,3500,3495,3486,3483,3488,3491,3491,3493,3495,3497,3500
3100,3102,3100,3100,3103,3104,3103,3100,3099,3101,3106,3116,3127,3136,3143,3147,3140,3131,3123,3114,3110,3111,3115,3119,3118,3118,3124,3131,3135,3140,3144,3147,3150,3152,3148,3144,3140,3136,3137,3137,3139,3144,3148,3153,3156,3158,3161,3163,3162,3161,3159,3159,3162,3166,3176,3185,3190,3194,3197,3197,3197,3198,3196,3197,3197,3198,3199,3203,3208,3214,3219,3226,3231,3235,3237,3238,3241,3242,3245,3252,3260,3265,3267,3270,3271,3274,3278,3284,3289,3292,3291,3289,3290,3293,3297,3301,3310,3320,3329,3333,3340,3347,3357,3369,3378,3384,3391,3399,3410,3422,3429,3437,3448,3461,3472,3480,3488,3498,3505,3516,3529,3539,3551,3562,3572,3582,3594,3604,3610,3617,3627,3637,3647,3658,3671,3683,3695,3704,3715,3728,3739,3750,3764,3774,3783,3792,3805,3818,3830,3840,3850,3865,3879,3892,3905,3918,3925,3928,3932,3934,3930,3926,3920,3913,3903,3895,3885,3877,3865,3853,3841,3828,3813,3805,3796,3787,3779,3777,3774,3771,3772,3772,3771,3772,3773,3774,3775,3775,3777,3779,3782,3784,3786,3788,3789,3791,3792,3794,3791,3789,3790,3789,3788,3786,3781,3779,3784,3787,3786,3779,3774,3770,3755,3738,3726,3713,3699,3683,3665,3649,3635,3621,3603,3586,3582,3579,3574,3565,3561,3559,3556,3550,3543,3539,3534,3529,3523,3515,3511,3510,3509,3507,3504,3504,3502,3498,3491,3484,3482,3480,3481,3483,3484,3487,3489,3492
3085,3085,3083,3085,3089,3092,3090,3088,3088,3090,3094,3105,3118,3128,3136,3135,3127,3119,3113,3107,3105,3106,3107,3109,3110,3109,3115,3123,3126,3128,3133,3136,3139,3140,3137,3134,3132,3135,3136,3135,3138,3144,3146,3147,3148,3150,3153,3155,3157,3159,3162,3164,3170,3177,3183,3192,3202,3206,3210,3211,3211,3209,3207,3207,3204,3203,3201,3202,3205,3209,3212,3216,3224,3228,3229,3231,3234,3236,3240,3248,3253,3259,3261,3263,3265,3268,3272,3277,3279,3283,3285,3285,3288,3294,3298,3302,3312,3321,3328,3336,3343,3350,3358,3366,3373,3381,3390,3400,3409,3419,3427,3434,3444,3459,3471,3479,3487,3496,3503,3512,3524,3535,3544,3555,3567,3578,3590,3601,3607,3614,3623,3632,3642,3651,3664,3678,3690,3700,3709,3722,3734,3744,3754,3767,3777,3785,3795,3808,3822,3837,3847,3860,3875,3888,3900,3913,3922,3928,3931,3934,3932,3927,3921,3915,3908,3900,3891,3881,3869,3858,3848,3833,3815,3803,3796,3790,3781,3775,3771,3770,3774,3774,3773,3775,3776,3777,3776,3776,3777,3779,3783,3783,3784,3787,3790,3791,3792,3794,3795,3794,3793,3791,3789,3788,3783,3779,3783,3788,3790,3784,3781,3772,3753,3736,3722,3704,3690,3678,3661,3644,3632,3618,3603,3591,3585,3582,3576,3566,3562,3561,3559,3553,3545,3540,3534,3527,3518,3511,3508,3506,3504,3503,3500,3498,3495,3493,3490,3485,3480,3474,3474,3477,3481,3482,3481,3484
3072,3072,3074,3077,3079,3078,3075,3076,3078,3081,3086,3096,3110,3118,3125,3125,3118,3111,3106,3101,3100,3100,3101,3102,3105,3103,3106,3113,3118,3121,3123,3126,3131,3131,3132,3131,3133,3139,3144,3149,3152,3154,3155,3154,3153,3152,3154,3155,3158,3165,3168,3171,3177,3182,3189,3201,3213,3219,3222,3224,3223,3220,3219,3216,3215,3213,3210,3208,3208,3210,3210,3213,3219,3224,3225,3226,3231,3234,3237,3244,3248,3252,3256,3261,3266,3268,3270,3271,3275,3279,3281,3284,3289,3294,3299,3302,3310,3318,3327,3339,3346,3351,3357,3364,3371,3379,3387,3396,3407,3415,3424,3434,3444,3457,3469,3477,3485,3494,3503,3512,3523,3530,3539,3550,3563,3575,3584,3590,3600,3609,3621,3629,3637,3646,3658,3673,3687,3695,3703,3714,3726,3736,3749,3762,3771,3777,3785,3797,3812,3828,3841,3854,3867,3884,3898,3912,3920,3926,3931,3931,3929,3926,3921,3916,3910,3903,3895,3884,3872,3862,3853,3839,3820,3806,3799,3794,3786,3780,3773,3773,3777,3776,3774,3776,3778,3778,3776,3777,3777,3779,3783,3782,3783,3786,3788,3790,3793,3795,3798,3799,3797,3793,3791,3790,3786,3784,3788,3790,3789,3786,3779,3764,3745,3727,3712,3695,3680,3668,3655,3640,3629,3615,3602,3593,3588,3582,3577,3568,3563,3565,3563,3557,3551,3546,3536,3525,3516,3509,3504,3501,3499,3495,3493,3494,3492,3489,3487,3485,3478,3473,3473,3474,3476,3478,3476,3478
3068,3068,3071,3071,3071,3069,3067,3069,3071,3075,3079,3090,3100,3109,3114,3114,3110,3106,3102,3097,3095,3096,3097,3100,3102,3102,3102,3106,3115,3119,3120,3124,3127,3130,3135,3140,3144,3148,3154,3159,3160,3162,3166,3165,3163,3161,3162,3164,3168,3171,3173,3177,3184,3190,3197,3210,3220,3226,3230,3233,3233,3233,3230,3230,3230,3229,3225,3220,3219,3219,3216,3214,3217,3220,3220,3223,3229,3234,3237,3243,3247,3250,3255,3263,3268,3268,3270,3273,3277,3279,3282,3287,3293,3297,3300,3303,3310,3318,3328,3339,3348,3351,3357,3362,3369,3377,3384,3393,3404,3416,3426,3435,3443,3455,3464,3471,3481,3492,3500,3510,3518,3526,3536,3546,3556,3567,3576,3584,3594,3604,3615,3623,3632,3644,3655,3665,3679,3689,3697,3710,3720,3729,3740,3751,3761,3770,3780,3792,3806,3820,3834,3848,3861,3876,3891,3907,3916,3920,3925,3927,3927,3926,3923,3918,3912,3905,3897,3887,3874,3867,3856,3842,3827,3815,3806,3799,3792,3788,3783,3782,3784,3780,3777,3778,3778,3779,3779,3778,3778,3779,3782,3783,3784,3789,3788,3792,3797,3799,3802,3804,3802,3798,3795,3794,3792,3792,3795,3793,3785,3780,3770,3749,3731,3714,3692,3680,3667,3657,3646,3633,3622,3608,3598,3594,3590,3584,3579,3573,3567,3568,3564,3557,3554,3550,3538,3525,3517,3511,3505,3501,3497,3493,3489,3489,3490,3488,3485,3482,3476,3473,3472,3470,3469,3470,3472,3473
3074,3073,3073,3073,3071,3068,3067,3071,3074,3076,3081,3086,3092,3099,3105,3105,3100,3097,3095,3094,3095,3096,3099,3104,3108,3109,3110,3113,3121,3126,3129,3132,3136,3140,3144,3151,3153,3158,3167,3172,3170,3173,3178,3177,3172,3171,3173,3178,3180,3181,3182,3188,3195,3199,3207,3216,3225,3234,3241,3243,3243,3245,3244,3243,3244,3242,3239,3235,3231,3229,3225,3223,3220,3219,3219,3222,3228,3233,3239,3246,3250,3252,3257,3265,3268,3272,3276,3278,3279,3282,3285,3290,3294,3299,3303,3308,3315,3321,3329,3339,3347,3352,3356,3362,3368,3377,3384,3393,3404,3417,3426,3435,3442,3453,3460,3467,3476,3487,3498,3506,3513,3520,3529,3539,3550,3561,3573,3582,3589,3597,3608,3617,3627,3639,3651,3661,3671,3682,3692,3705,3715,3723,3732,3744,3755,3766,3776,3789,3802,3816,3829,3842,3855,3869,3884,3900,3908,3913,3919,3925,3925,3924,3923,3920,3915,3908,3899,3889,3879,3870,3859,3843,3828,3819,3810,3801,3797,3794,3790,3787,3787,3784,3780,3779,3780,3781,3780,3780,3781,3783,3784,3784,3787,3791,3792,3794,3799,3803,3805,3805,3804,3801,3800,3799,3799,3801,3801,3797,3784,3770,3757,3740,3723,3704,3681,3667,3659,3650,3640,3624,3612,3600,3594,3593,3590,3584,3579,3575,3570,3567,3563,3557,3553,3551,3541,3528,3520,3513,3506,3501,3497,3490,3483,3482,3484,3484,3481,3478,3473,3472,3470,3467,3465,3466,3467,3470
3086,3085,3083,3082,3080,3076,3074,3079,3078,3079,3083,3083,3085,3090,3097,3096,3091,3090,3093,3096,3101,3105,3107,3110,3116,3118,3121,3125,3129,3134,3137,3141,3148,3153,3156,3159,3164,3172,3179,3181,3180,3183,3187,3187,3185,3184,3186,3189,3192,3195,3197,3199,3202,3205,3214,3222,3231,3238,3243,3246,3249,3252,3253,3253,3255,3255,3251,3248,3243,3237,3235,3231,3225,3222,3223,3225,3228,3232,3237,3246,3252,3258,3265,3272,3277,3283,3289,3290,3290,3290,3291,3291,3293,3297,3304,3311,3319,3323,3330,3340,3347,3352,3357,3362,3371,3378,3386,3396,3407,3418,3426,3433,3440,3450,3459,3465,3473,3483,3492,3501,3508,3515,3524,3534,3545,3556,3567,3577,3587,3594,3604,3614,3625,3635,3649,3659,3669,3677,3689,3700,3709,3718,3729,3741,3751,3762,3772,3784,3796,3809,3823,3837,3849,3862,3876,3891,3899,3906,3915,3921,3923,3924,3924,3920,3915,3910,3900,3890,3881,3871,3858,3845,3830,3820,3811,3801,3799,3796,3793,3790,3788,3786,3782,3781,3783,3783,3782,3781,3784,3785,3786,3785,3786,3791,3794,3797,3799,3802,3805,3805,3803,3801,3802,3806,3807,3809,3807,3801,3782,3761,3747,3732,3717,3697,3674,3660,3654,3647,3635,3617,3604,3595,3591,3589,3586,3582,3577,3574,3569,3566,3563,3558,3555,3550,3542,3532,3520,3512,3506,3499,3493,3487,3478,3475,3476,3476,3474,3472,3471,3471,3469,3466,3464,3464,3465,3467
3103,3099,3094,3089,3089,3086,3084,3086,3086,3088,3091,3089,3087,3088,3092,3092,3089,3092,3095,3100,3109,3114,3115,3118,3124,3128,3133,3137,3141,3143,3146,3151,3161,3166,3168,3172,3178,3186,3188,3187,3188,3193,3198,3198,3196,3197,3197,3199,3201,3206,3210,3212,3212,3215,3223,3229,3235,3239,3245,3251,3256,3260,3262,3262,3263,3265,3263,3260,3255,3247,3243,3238,3232,3230,3228,3229,3230,3233,3237,3245,3253,3261,3273,3283,3290,3296,3300,3303,3303,3299,3296,3292,3293,3297,3304,3313,3321,3325,3332,3339,3347,3353,3358,3365,3373,3380,3388,3396,3406,3417,3424,3431,3438,3449,3456,3463,3470,3480,3488,3497,3505,3515,3523,3532,3544,3551,3560,3572,3582,3591,3600,3611,3624,3634,3646,3657,3665,3675,3688,3696,3704,3712,3724,3736,3746,3755,3766,3777,3790,3803,3817,3832,3844,3857,3871,3882,3893,3901,3911,3920,3921,3922,3923,3920,3914,3909,3901,3892,3880,3867,3856,3844,3831,3821,3811,3802,3798,3796,3794,3791,3790,3788,3785,3785,3788,3788,3784,3783,3785,3786,3787,3786,3785,3789,3794,3797,3798,3799,3803,3804,3802,3801,3804,3809,3811,3810,3809,3799,3776,3753,3737,3723,3710,3688,3669,3657,3650,3645,3632,3612,3599,3589,3585,3585,3583,3581,3576,3572,3568,3566,3564,3560,3557,3551,3544,3535,3523,3514,3507,3498,3491,3485,3478,3472,3468,3469,3468,3467,3467,3468,3468,3466,3465,3465,3464,3465
3116,3111,3102,3097,3098,3098,3098,3098,3099,3105,3108,3102,3098,3098,3097,3097,3095,3098,3102,3107,3115,3121,3122,3127,3134,3138,3142,3149,3154,3157,3159,3166,3175,3179,3181,3185,3190,3196,3198,3200,3203,3209,3210,3208,3207,3207,3207,3208,3211,3218,3225,3228,3227,3229,3234,3237,3238,3242,3249,3257,3263,3269,3273,3273,3271,3272,3272,3270,3267,3260,3255,3248,3243,3241,3238,3235,3235,3237,3241,3246,3253,3264,3277,3290,3298,3305,3311,3314,3314,3308,3300,3296,3296,3300,3307,3313,3320,3326,3332,3339,3348,3356,3360,3366,3374,3381,3388,3395,3403,3413,3421,3429,3437,3448,3455,3461,3469,3478,3487,3494,3503,3514,3524,3531,3541,3548,3558,3568,3578,3589,3599,3607,3617,3629,3641,3652,3661,3672,3683,3692,3698,3707,3719,3730,3739,3749,3760,3772,3784,3795,3810,3828,3840,3854,3867,3878,3889,3899,3909,3917,3920,3920,3920,3917,3912,3907,3900,3893,3880,3867,3855,3844,3832,3822,3811,3803,3797,3795,3794,3792,3791,3789,3787,3788,3791,3790,3786,3785,3785,3785,3786,3786,3784,3786,3790,3794,3796,3797,3801,3802,3802,3802,3804,3810,3812,3808,3801,3785,3761,3742,3724,3711,3696,3679,3665,3653,3645,3641,3627,3607,3594,3585,3580,3580,3580,3580,3577,3573,3569,3569,3566,3560,3555,3550,3544,3537,3528,3517,3509,3500,3491,3484,3476,3468,3463,3464,3464,3463,3464,3465,3466,3465,3465,3464,3461,3461
3128,3123,3115,3108,3109,3110,3109,3110,3117,3123,3123,3116,3110,3108,3107,3106,3105,3107,3111,3117,3123,3129,3133,3139,3145,3150,3156,3161,3168,3174,3178,3183,3190,3192,3194,3197,3200,3206,3209,3213,3216,3219,3218,3216,3215,3215,3215,3217,3223,3229,3236,3240,3240,3241,3244,3244,3243,3246,3252,3259,3266,3274,3280,3281,3281,3283,3283,3282,3278,3272,3266,3260,3256,3254,3251,3245,3243,3243,3243,3245,3252,3262,3276,3291,3302,3311,3319,3324,3321,3314,3307,3300,3300,3304,3311,3314,3320,3327,3332,3339,3349,3357,3361,3366,3373,3380,3385,3393,3400,3409,3418,3427,3435,3449,3457,3462,3469,3477,3485,3493,3501,3510,3520,3526,3534,3546,3557,3566,3577,3589,3596,3603,3612,3624,3637,3649,3659,3670,3680,3687,3694,3702,3714,3724,3732,3743,3755,3768,3780,3791,3807,3824,3837,3850,3861,3875,3889,3899,3905,3913,3918,3918,3919,3917,3913,3907,3900,3893,3881,3867,3857,3845,3833,3824,3814,3805,3799,3797,3795,3794,3793,3791,3790,3790,3792,3791,3789,3787,3787,3787,3787,3786,3783,3784,3786,3788,3792,3795,3798,3799,3800,3801,3803,3807,3810,3805,3793,3773,3751,3729,3712,3698,3686,3672,3660,3648,3640,3637,3622,3601,3590,3582,3579,3578,3578,3578,3576,3573,3570,3569,3566,3559,3552,3544,3540,3534,3527,3519,3510,3501,3491,3483,3476,3467,3462,3461,3461,3461,3461,3463,3465,3465,3464,3462,3458,3456
3138,3134,3128,3124,3119,3118,3117,3123,3132,3137,3135,3128,3122,3118,3117,3113,3113,3115,3120,3126,3134,3141,3147,3153,3159,3165,3171,3176,3183,3191,3195,3199,3202,3205,3208,3211,3212,3215,3220,3224,3227,3228,3228,3225,3225,3225,3226,3229,3234,3238,3243,3247,3248,3250,3252,3252,3250,3251,3257,3263,3268,3275,3283,3287,3290,3293,3294,3292,3289,3282,3275,3269,3266,3262,3258,3253,3250,3248,3245,3246,3252,3260,3273,3289,3303,3314,3324,3329,3328,3321,3313,3305,3304,3308,3312,3315,3321,3327,3332,3338,3348,3355,3359,3364,3370,3377,3384,3393,3400,3409,3418,3426,3435,3448,3457,3460,3465,3474,3483,3492,3499,3506,3516,3525,3532,3543,3556,3564,3575,3586,3594,3601,3611,3623,3636,3645,3654,3665,3673,3681,3689,3698,3710,3718,3726,3738,3750,3765,3779,3790,3802,3821,3834,3845,3853,3867,3886,3896,3902,3908,3914,3915,3917,3916,3913,3907,3902,3894,3880,3868,3858,3849,3838,3829,3819,3810,3809,3804,3800,3797,3796,3795,3795,3795,3794,3793,3792,3792,3791,3790,3788,3788,3787,3786,3785,3785,3789,3794,3796,3796,3798,3801,3802,3804,3807,3804,3791,3769,3747,3726,3705,3691,3679,3666,3653,3641,3635,3631,3618,3601,3591,3583,3580,3579,3578,3577,3575,3572,3568,3565,3562,3557,3548,3539,3535,3531,3523,3517,3510,3502,3494,3486,3480,3471,3465,3462,3459,3458,3458,3461,3464,3464,3462,3459,3456,3454
3142,3138,3138,3140,3134,3130,3129,3138,3144,3146,3146,3140,3131,3124,3123,3120,3121,3125,3131,3138,3147,3152,3159,3167,3175,3180,3185,3189,3196,3204,3207,3209,3212,3217,3221,3223,3224,3228,3233,3237,3238,3239,3239,3237,3237,3237,3236,3238,3243,3248,3252,3255,3256,3258,3259,3259,3257,3258,3262,3266,3270,3275,3282,3289,3295,3300,3302,3301,3298,3292,3285,3280,3276,3270,3264,3259,3256,3252,3249,3249,3254,3262,3274,3287,3301,3314,3325,3332,3334,3330,3321,3312,3309,3310,3312,3314,3319,3325,3330,3335,3344,3352,3357,3362,3369,3376,3384,3393,3401,3410,3419,3426,3433,3443,3450,3456,3463,3471,3480,3491,3498,3505,3515,3524,3531,3540,3551,3560,3572,3583,3591,3600,3610,3621,3632,3641,3649,3658,3667,3674,3683,3693,3704,3714,3724,3734,3745,3761,3777,3787,3798,3815,3826,3837,3847,3861,3877,3890,3897,3905,3909,3911,3913,3914,3911,3907,3901,3892,3879,3869,3861,3852,3839,3829,3821,3816,3816,3811,3806,3802,3799,3799,3799,3799,3798,3795,3794,3794,3793,3792,3790,3790,3790,3790,3787,3786,3788,3793,3794,3794,3797,3799,3801,3804,3805,3802,3791,3769,3748,3724,3698,3683,3672,3661,3646,3634,3629,3624,3615,3605,3594,3586,3582,3581,3580,3578,3576,3572,3565,3561,3557,3553,3545,3535,3533,3530,3522,3517,3511,3503,3498,3491,3485,3477,3470,3465,3460,3458,3456,3457,3459,3461,3459,3456,3454,3451
3146,3143,3145,3148,3147,3142,3145,3153,3157,3156,3153,3147,3137,3127,3125,3124,3127,3134,3141,3148,3155,3160,3167,3175,3186,3192,3195,3199,3206,3214,3216,3219,3223,3230,3233,3233,3235,3241,3245,3246,3247,3249,3250,3250,3249,3249,3248,3249,3254,3261,3263,3264,3266,3268,3268,3268,3268,3268,3269,3270,3272,3276,3280,3288,3296,3303,3306,3306,3306,3303,3298,3293,3288,3280,3272,3264,3260,3255,3251,3249,3254,3264,3276,3288,3300,3311,3322,3332,3337,3336,3327,3318,3313,3310,3310,3312,3319,3325,3329,3333,3341,3348,3355,3361,3368,3378,3386,3393,3401,3409,3418,3426,3432,3438,3444,3451,3461,3469,3478,3490,3498,3506,3514,3522,3530,3538,3549,3560,3569,3579,3589,3599,3608,3618,3628,3637,3647,3655,3662,3670,3678,3688,3700,3713,3723,3732,3741,3756,3771,3782,3794,3809,3819,3829,3843,3856,3870,3882,3892,3902,3905,3907,3909,3912,3909,3905,3900,3891,3879,3870,3861,3851,3838,3827,3820,3818,3818,3814,3810,3808,3804,3803,3802,3801,3800,3797,3796,3795,3794,3792,3792,3792,3791,3791,3788,3786,3788,3791,3792,3792,3794,3795,3799,3803,3804,3801,3791,3764,3745,3717,3690,3674,3666,3657,3639,3625,3622,3616,3611,3604,3596,3590,3586,3584,3582,3580,3577,3572,3566,3559,3555,3551,3546,3539,3536,3533,3525,3521,3513,3506,3502,3495,3489,3483,3474,3467,3463,3459,3456,3454,3454,3456,3454,3451,3449,3447
3155,3153,3152,3153,3153,3150,3155,3163,3165,3161,3156,3150,3140,3131,3128,3127,3131,3139,3145,3153,3160,3166,3173,3181,3193,3199,3201,3205,3214,3222,3226,3230,3235,3242,3244,3246,3248,3252,3254,3255,3257,3261,3262,3262,3262,3261,3261,3262,3266,3272,3273,3275,3277,3278,3279,3279,3280,3279,3276,3275,3277,3279,3283,3289,3296,3303,3308,3310,3314,3314,3310,3304,3297,3288,3279,3270,3263,3258,3254,3251,3255,3265,3277,3289,3300,3309,3320,3332,3341,3340,3332,3324,3318,3314,3314,3316,3321,3325,3328,3332,3339,3346,3352,3359,3368,3378,3386,3393,3398,3406,3414,3422,3428,3434,3439,3446,3457,3467,3475,3486,3495,3504,3512,3522,3532,3542,3553,3561,3568,3576,3588,3597,3607,3617,3626,3634,3644,3652,3660,3668,3675,3684,3696,3708,3719,3727,3736,3752,3766,3778,3793,3807,3815,3825,3840,3855,3867,3877,3888,3898,3902,3905,3907,3909,3906,3903,3899,3891,3881,3872,3861,3851,3839,3827,3820,3819,3818,3815,3812,3810,3809,3807,3805,3802,3800,3798,3797,3796,3793,3792,3792,3791,3790,3789,3786,3785,3786,3787,3788,3788,3790,3791,3794,3798,3800,3798,3788,3753,3736,3711,3684,3668,3661,3651,3630,3617,3613,3607,3604,3600,3595,3592,3590,3587,3584,3581,3579,3573,3566,3560,3557,3554,3551,3547,3544,3540,3531,3527,3519,3512,3507,3499,3492,3486,3477,3469,3465,3461,3455,3450,3451,3452,3449,3445,3443,3441
3162,3161,3158,3157,3158,3156,3161,3167,3167,3162,3157,3152,3146,3140,3136,3134,3136,3141,3147,3154,3164,3171,3176,3184,3196,3203,3207,3213,3223,3230,3234,3238,3244,3250,3255,3258,3261,3264,3265,3267,3270,3272,3272,3272,3272,3271,3271,3273,3276,3281,3284,3286,3289,3290,3291,3291,3290,3289,3284,3282,3283,3285,3288,3292,3297,3303,3308,3313,3319,3321,3318,3311,3302,3293,3285,3276,3268,3264,3259,3253,3257,3265,3278,3291,3299,3308,3319,3333,3342,3343,3337,3330,3324,3322,3322,3322,3323,3325,3328,3333,3339,3344,3350,3358,3366,3375,3383,3390,3395,3403,3409,3417,3422,3429,3435,3441,3451,3463,3470,3480,3490,3501,3512,3523,3534,3545,3555,3561,3567,3576,3587,3595,3605,3615,3624,3632,3641,3649,3658,3667,3674,3684,3692,3703,3713,3723,3732,3746,3761,3775,3791,3806,3814,3823,3837,3852,3863,3874,3885,3894,3900,3904,3906,3907,3905,3902,3898,3891,3882,3873,3864,3854,3842,3829,3823,3821,3819,3817,3814,3812,3812,3809,3805,3802,3801,3799,3797,3795,3793,3792,3791,3790,3788,3787,3786,3785,3784,3785,3785,3786,3787,3788,3790,3792,3793,3791,3777,3741,3726,3705,3679,3664,3656,3643,3624,3613,3607,3600,3598,3596,3594,3593,3592,3588,3584,3582,3580,3574,3567,3564,3564,3561,3557,3553,3549,3544,3537,3534,3527,3519,3512,3503,3495,3488,3480,3473,3467,3461,3454,3448,3449,3450,3444,3439,3438,3436
3166,3165,3163,3161,3162,3162,3166,3170,3167,3162,3157,3154,3152,3148,3144,3142,3143,3146,3150,3156,3165,3171,3176,3185,3197,3204,3212,3221,3231,3237,3242,3245,3250,3257,3263,3268,3273,3277,3280,3283,3283,3283,3282,3282,3282,3281,3281,3284,3287,3292,3296,3298,3300,3304,3305,3302,3301,3300,3293,3289,3291,3292,3293,3295,3299,3303,3307,3314,3321,3325,3322,3314,3306,3298,3291,3282,3275,3269,3262,3256,3257,3263,3278,3293,3300,3307,3318,3332,3342,3345,3343,3337,3331,3329,3330,3328,3327,3329,3332,3336,3340,3344,3349,3355,3363,3372,3380,3386,3395,3403,3408,3413,3417,3424,3431,3439,3448,3459,3468,3477,3487,3499,3511,3523,3534,3544,3554,3562,3569,3577,3587,3594,3602,3613,3623,3630,3639,3648,3658,3667,3675,3683,3690,3699,3709,3720,3728,3741,3756,3772,3788,3803,3813,3822,3833,3847,3858,3870,3882,3892,3899,3901,3904,3906,3906,3902,3897,3891,3882,3873,3865,3856,3844,3832,3825,3823,3821,3818,3816,3814,3813,3809,3805,3803,3802,3799,3797,3794,3792,3792,3791,3789,3788,3787,3786,3786,3785,3784,3784,3785,3786,3786,3787,3787,3786,3782,3761,3731,3717,3696,3669,3656,3649,3637,3623,3612,3606,3600,3597,3595,3592,3592,3592,3590,3586,3584,3582,3578,3573,3571,3571,3567,3563,3558,3553,3548,3542,3539,3533,3526,3516,3506,3498,3489,3482,3477,3467,3459,3452,3447,3447,3446,3439,3434,3434,3432
3168,3168,3167,3165,3167,3169,3172,3172,3169,3164,3157,3155,3154,3153,3150,3150,3151,3154,3156,3158,3165,3170,3178,3188,3199,3206,3215,3225,3235,3242,3248,3253,3257,3264,3271,3278,3284,3289,3292,3294,3294,3294,3291,3290,3290,3291,3292,3294,3298,3304,3309,3311,3312,3316,3316,3315,3314,3312,3303,3300,3301,3300,3298,3299,3302,3303,3307,3314,3322,3326,3323,3316,3310,3304,3297,3287,3279,3272,3265,3258,3257,3263,3276,3292,3302,3309,3318,3331,3342,3349,3349,3344,3340,3338,3337,3336,3334,3336,3340,3344,3344,3347,3350,3355,3363,3371,3379,3387,3397,3404,3408,3413,3415,3421,3430,3440,3449,3458,3469,3479,3486,3499,3512,3523,3534,3544,3555,3564,3573,3580,3588,3594,3602,3612,3622,3629,3636,3646,3657,3666,3673,3680,3687,3697,3708,3718,3725,3737,3753,3768,3783,3798,3810,3822,3830,3842,3855,3868,3881,3892,3899,3901,3903,3905,3905,3900,3896,3893,3885,3875,3867,3856,3844,3833,3829,3827,3823,3820,3819,3817,3814,3810,3807,3807,3805,3800,3798,3795,3792,3791,3790,3789,3788,3786,3786,3787,3787,3786,3784,3784,3785,3784,3784,3782,3777,3769,3746,3724,3710,3687,3661,3650,3646,3635,3622,3613,3607,3604,3601,3597,3593,3590,3591,3592,3591,3587,3584,3583,3580,3578,3577,3574,3570,3566,3561,3554,3548,3543,3538,3532,3521,3510,3501,3490,3484,3478,3469,3460,3452,3446,3445,3443,3436,3431,3430,3427
3171,3172,3173,3172,3172,3176,3178,3177,3172,3166,3160,3156,3155,3157,3156,3157,3157,3158,3160,3162,3168,3174,3180,3190,3199,3207,3216,3226,3235,3244,3252,3260,3266,3272,3280,3289,3295,3299,3302,3303,3304,3304,3301,3299,3298,3299,3300,3302,3308,3315,3321,3323,3324,3327,3327,3327,3327,3323,3315,3312,3312,3310,3306,3306,3307,3307,3310,3316,3323,3327,3325,3318,3314,3309,3302,3290,3282,3274,3267,3261,3259,3264,3276,3290,3300,3309,3319,3331,3343,3353,3356,3353,3351,3349,3346,3345,3344,3347,3351,3353,3352,3352,3353,3356,3363,3371,3380,3390,3399,3405,3410,3417,3420,3424,3434,3442,3450,3459,3472,3482,3488,3502,3516,3525,3535,3546,3556,3566,3576,3583,3591,3597,3605,3611,3619,3626,3632,3642,3654,3662,3669,3677,3686,3696,3705,3714,3722,3737,3752,3765,3779,3793,3806,3819,3829,3840,3854,3868,3881,3892,3898,3900,3902,3903,3902,3899,3896,3893,3887,3878,3870,3859,3844,3835,3832,3829,3825,3823,3821,3818,3815,3812,3810,3810,3807,3803,3800,3797,3793,3791,3790,3789,3788,3785,3785,3786,3786,3785,3784,3782,3782,3781,3781,3774,3766,3755,3735,3717,3702,3682,3661,3652,3648,3636,3622,3613,3609,3607,3605,3602,3596,3592,3592,3593,3594,3590,3586,3585,3585,3584,3584,3584,3582,3577,3573,3565,3556,3549,3542,3536,3526,3516,3505,3493,3486,3480,3472,3463,3456,3449,3446,3441,3434,3430,3426,3422
3175,3178,3180,3179,3179,3182,3184,3184,3178,3169,3164,3159,3159,3162,3163,3164,3162,3163,3166,3169,3174,3178,3182,3189,3198,3207,3216,3226,3235,3245,3254,3265,3272,3278,3288,3298,3304,3310,3315,3316,3315,3314,3312,3309,3306,3306,3307,3310,3316,3325,3332,3335,3336,3337,3337,3336,3335,3331,3325,3323,3322,3319,3315,3313,3312,3311,3313,3318,3325,3329,3329,3325,3319,3312,3305,3295,3285,3275,3268,3263,3261,3267,3277,3288,3297,3307,3320,3334,3346,3357,3361,3362,3363,3361,3358,3355,3354,3356,3360,3361,3360,3359,3358,3359,3364,3370,3379,3390,3400,3407,3416,3424,3428,3432,3440,3447,3453,3462,3476,3485,3493,3507,3521,3529,3538,3550,3559,3568,3577,3585,3594,3599,3606,3611,3618,3625,3631,3639,3649,3657,3664,3674,3683,3691,3699,3711,3722,3739,3752,3765,3778,3790,3801,3815,3829,3841,3853,3866,3879,3890,3896,3899,3900,3900,3900,3898,3895,3890,3885,3879,3871,3863,3849,3839,3835,3831,3827,3825,3823,3819,3816,3815,3812,3811,3808,3805,3803,3799,3794,3793,3791,3790,3788,3784,3784,3783,3783,3783,3783,3781,3779,3778,3775,3766,3756,3746,3729,3709,3693,3677,3663,3655,3650,3637,3622,3614,3610,3609,3608,3605,3601,3597,3594,3593,3594,3593,3590,3589,3591,3592,3594,3595,3593,3588,3585,3578,3568,3558,3548,3538,3529,3521,3510,3498,3489,3482,3473,3464,3458,3453,3447,3440,3433,3428,3423,3417
3180,3183,3185,3186,3187,3188,3189,3189,3183,3173,3167,3163,3164,3168,3171,3170,3168,3170,3173,3177,3180,3184,3186,3190,3198,3207,3216,3226,3238,3247,3256,3267,3276,3284,3295,3305,3312,3320,3326,3327,3325,3322,3322,3320,3317,3316,3317,3320,3325,3334,3343,3347,3347,3347,3347,3344,3342,3339,3335,3333,3330,3326,3322,3317,3314,3313,3315,3320,3328,3334,3334,3331,3324,3315,3307,3297,3287,3277,3268,3264,3265,3272,3280,3288,3296,3308,3321,3337,3349,3358,3365,3369,3373,3371,3368,3366,3365,3364,3366,3368,3367,3365,3365,3364,3366,3369,3376,3389,3402,3413,3422,3428,3435,3441,3446,3453,3459,3468,3481,3491,3500,3513,3525,3533,3541,3553,3564,3571,3580,3589,3597,3601,3607,3612,3619,3626,3632,3638,3646,3653,3660,3669,3677,3685,3696,3710,3723,3738,3750,3763,3777,3789,3799,3812,3828,3842,3852,3862,3874,3886,3896,3899,3901,3899,3897,3896,3892,3887,3884,3878,3870,3863,3853,3844,3839,3835,3830,3826,3823,3820,3818,3817,3814,3812,3810,3807,3805,3801,3797,3795,3793,3792,3789,3784,3782,3780,3779,3780,3780,3779,3775,3773,3769,3759,3749,3738,3720,3701,3688,3674,3662,3655,3648,3634,3622,3619,3614,3610,3608,3608,3605,3601,3596,3592,3595,3598,3597,3598,3601,3602,3605,3606,3605,3599,3595,3589,3579,3569,3557,3545,3532,3523,3514,3503,3493,3485,3476,3464,3458,3454,3448,3440,3433,3426,3419,3413
3186,3190,3190,3191,3195,3194,3192,3190,3187,3179,3174,3169,3169,3172,3175,3176,3176,3177,3180,3182,3185,3189,3193,3196,3202,3210,3219,3228,3239,3250,3259,3270,3281,3291,3302,3311,3319,3328,3333,3334,3332,3331,3332,3331,3328,3327,3329,3332,3337,3344,3352,3353,3355,3357,3356,3353,3350,3347,3344,3340,3335,3331,3325,3319,3314,3314,3317,3321,3328,3333,3336,3334,3329,3320,3310,3298,3288,3276,3268,3264,3269,3277,3284,3292,3300,3312,3324,3337,3349,3358,3366,3372,3378,3379,3379,3379,3378,3378,3378,3378,3376,3374,3373,3372,3369,3370,3376,3390,3404,3415,3423,3431,3441,3449,3454,3460,3467,3475,3488,3501,3510,3520,3530,3536,3543,3555,3568,3574,3582,3592,3599,3604,3608,3613,3619,3627,3634,3639,3645,3653,3660,3668,3675,3685,3698,3712,3724,3736,3748,3762,3775,3788,3799,3809,3824,3840,3848,3858,3871,3883,3895,3900,3902,3900,3896,3893,3890,3884,3882,3878,3869,3861,3854,3847,3842,3838,3832,3828,3825,3823,3820,3817,3815,3814,3812,3808,3805,3802,3799,3797,3794,3793,3791,3785,3781,3778,3775,3775,3774,3773,3768,3766,3763,3754,3741,3725,3707,3695,3683,3670,3659,3655,3645,3631,3624,3623,3618,3611,3607,3608,3607,3603,3600,3597,3600,3605,3609,3613,3616,3616,3618,3618,3617,3612,3607,3601,3591,3581,3569,3554,3537,3524,3515,3507,3497,3490,3480,3468,3459,3455,3449,3444,3436,3424,3416,3410
3192,3195,3195,3196,3200,3200,3197,3193,3189,3185,3182,3177,3177,3179,3181,3182,3184,3185,3186,3188,3190,3194,3199,3201,3206,3215,3223,3231,3241,3253,3263,3274,3286,3296,3306,3316,3326,3334,3340,3343,3342,3341,3340,3340,3338,3338,3341,3344,3349,3354,3359,3360,3361,3364,3363,3361,3360,3356,3352,3346,3340,3335,3330,3323,3317,3318,3322,3323,3325,3331,3335,3335,3331,3323,3313,3299,3288,3277,3268,3265,3272,3279,3286,3297,3307,3317,3328,3340,3350,3359,3369,3375,3381,3386,3389,3390,3389,3389,3388,3388,3387,3386,3384,3384,3378,3373,3378,3391,3404,3413,3422,3431,3442,3454,3461,3468,3475,3485,3498,3510,3520,3528,3537,3543,3548,3559,3570,3575,3582,3590,3599,3605,3609,3614,3621,3630,3637,3641,3648,3655,3664,3670,3677,3687,3701,3714,3725,3737,3749,3760,3773,3786,3799,3809,3821,3835,3846,3856,3869,3881,3892,3898,3900,3900,3895,3892,3888,3883,3880,3876,3867,3858,3852,3847,3844,3839,3834,3831,3829,3826,3822,3819,3816,3814,3813,3809,3806,3804,3802,3797,3794,3794,3792,3786,3780,3778,3774,3771,3769,3767,3761,3758,3755,3747,3732,3713,3696,3687,3676,3666,3658,3652,3640,3627,3624,3623,3618,3611,3606,3606,3608,3609,3608,3608,3611,3617,3623,3627,3631,3632,3633,3630,3629,3625,3619,3614,3604,3591,3578,3562,3543,3526,3515,3507,3500,3491,3485,3476,3466,3458,3451,3447,3438,3424,3414,3408
3194,3199,3199,3203,3208,3209,3208,3201,3194,3190,3187,3185,3185,3187,3188,3189,3192,3194,3194,3195,3196,3199,3202,3205,3211,3221,3230,3236,3243,3255,3266,3276,3287,3297,3308,3320,3330,3341,3348,3351,3350,3350,3348,3349,3349,3351,3352,3354,3358,3364,3367,3369,3369,3370,3369,3369,3368,3363,3358,3352,3347,3341,3335,3329,3324,3325,3327,3327,3327,3330,3334,3334,3330,3324,3314,3301,3290,3280,3271,3269,3275,3284,3291,3303,3314,3322,3330,3343,3355,3363,3372,3379,3387,3394,3399,3399,3399,3399,3399,3399,3399,3396,3393,3394,3388,3379,3383,3394,3403,3413,3421,3430,3443,3456,3465,3472,3480,3494,3507,3517,3525,3535,3543,3549,3555,3564,3572,3578,3583,3587,3597,3606,3609,3613,3623,3632,3638,3643,3651,3659,3666,3672,3681,3693,3703,3713,3724,3737,3747,3758,3770,3783,3796,3808,3820,3833,3846,3856,3865,3876,3887,3895,3899,3899,3897,3893,3887,3881,3876,3873,3866,3858,3852,3848,3844,3840,3837,3835,3833,3830,3826,3822,3818,3815,3813,3810,3807,3806,3804,3800,3796,3795,3792,3788,3782,3778,3773,3769,3767,3763,3755,3750,3745,3737,3722,3702,3685,3677,3669,3662,3654,3646,3635,3625,3623,3622,3616,3611,3608,3613,3615,3621,3624,3624,3626,3631,3635,3637,3643,3647,3646,3642,3640,3637,3629,3622,3615,3599,3586,3570,3550,3533,3517,3508,3502,3494,3487,3480,3471,3462,3454,3446,3437,3422,3413,3407
3198,3203,3205,3210,3215,3215,3214,3210,3202,3196,3191,3190,3190,3191,3192,3195,3199,3201,3203,3204,3204,3205,3207,3210,3217,3227,3234,3240,3247,3257,3266,3276,3286,3298,3311,3322,3332,3345,3354,3357,3357,3358,3359,3360,3361,3363,3364,3366,3370,3373,3376,3378,3379,3378,3378,3377,3373,3366,3361,3357,3351,3345,3340,3334,3329,3328,3330,3331,3330,3332,3334,3333,3329,3324,3314,3302,3292,3283,3276,3275,3281,3289,3296,3310,3321,3329,3336,3348,3359,3369,3376,3383,3394,3402,3408,3410,3410,3409,3409,3409,3409,3407,3403,3400,3394,3390,3395,3401,3407,3415,3422,3430,3442,3456,3467,3475,3483,3497,3509,3518,3526,3536,3545,3552,3560,3569,3578,3583,3586,3590,3597,3605,3609,3613,3625,3633,3635,3642,3654,3662,3667,3673,3684,3696,3703,3711,3723,3737,3745,3756,3768,3783,3793,3805,3818,3832,3846,3856,3865,3875,3885,3894,3899,3901,3899,3893,3886,3881,3875,3872,3867,3859,3852,3847,3844,3842,3841,3840,3837,3833,3827,3822,3817,3816,3814,3811,3806,3805,3804,3802,3798,3795,3792,3787,3784,3778,3772,3768,3765,3759,3751,3745,3736,3725,3711,3693,3679,3671,3662,3657,3652,3644,3635,3629,3627,3627,3623,3620,3624,3630,3631,3634,3640,3638,3638,3641,3645,3648,3653,3656,3655,3652,3650,3647,3638,3630,3622,3608,3592,3576,3554,3537,3520,3509,3503,3497,3490,3481,3472,3464,3454,3446,3436,3421,3412,3405
3202,3205,3207,3213,3216,3216,3215,3214,3209,3201,3194,3193,3194,3193,3195,3200,3205,3208,3210,3213,3212,3212,3213,3216,3222,3231,3237,3243,3251,3259,3267,3277,3288,3301,3313,3324,3334,3346,3356,3361,3362,3364,3366,3369,3373,3374,3377,3378,3380,3383,3385,3386,3386,3386,3383,3380,3373,3369,3363,3358,3353,3350,3346,3341,3336,3334,3334,3335,3337,3337,3337,3335,3330,3324,3315,3305,3295,3285,3279,3280,3287,3294,3302,3315,3327,3335,3344,3354,3364,3373,3380,3388,3400,3409,3418,3422,3422,3423,3422,3421,3419,3419,3413,3407,3401,3401,3402,3406,3407,3414,3422,3431,3441,3452,3464,3476,3484,3493,3505,3515,3523,3535,3546,3554,3563,3573,3582,3588,3592,3594,3601,3607,3612,3616,3627,3633,3636,3642,3654,3664,3669,3674,3682,3692,3701,3711,3723,3736,3744,3753,3766,3782,3792,3802,3816,3831,3844,3855,3864,3875,3887,3897,3902,3905,3900,3893,3886,3879,3874,3871,3865,3856,3852,3850,3847,3844,3843,3842,3839,3833,3827,3820,3817,3817,3816,3809,3806,3804,3804,3800,3796,3794,3790,3785,3782,3776,3771,3768,3763,3758,3749,3741,3730,3716,3701,3686,3675,3668,3659,3655,3655,3649,3642,3637,3637,3641,3638,3637,3640,3646,3649,3648,3650,3648,3645,3647,3652,3659,3664,3664,3662,3661,3659,3655,3646,3638,3628,3615,3600,3581,3558,3538,3522,3511,3504,3498,3492,3483,3474,3465,3456,3447,3434,3422,3413,3405
3201,3205,3210,3214,3218,3217,3216,3214,3211,3205,3199,3197,3198,3198,3199,3205,3210,3214,3217,3218,3218,3218,3221,3223,3228,3232,3238,3245,3254,3262,3270,3281,3293,3304,3315,3325,3335,3346,3355,3363,3366,3368,3372,3375,3379,3381,3383,3384,3386,3391,3390,3390,3391,3390,3386,3381,3375,3370,3368,3364,3360,3358,3352,3346,3342,3339,3339,3342,3344,3344,3342,3338,3332,3326,3318,3307,3297,3285,3281,3284,3290,3297,3306,3319,3331,3342,3351,3360,3368,3377,3385,3394,3405,3416,3425,3430,3434,3437,3437,3435,3433,3429,3423,3415,3411,3410,3409,3408,3410,3414,3422,3430,3439,3449,3461,3474,3483,3494,3506,3516,3526,3535,3545,3553,3564,3574,3584,3593,3597,3601,3605,3609,3613,3619,3630,3638,3643,3647,3656,3665,3669,3673,3680,3691,3701,3711,3722,3733,3742,3753,3766,3780,3791,3801,3815,3829,3841,3851,3860,3873,3887,3898,3904,3905,3898,3890,3884,3879,3874,3869,3863,3858,3856,3854,3848,3843,3840,3840,3838,3834,3830,3824,3821,3820,3817,3810,3808,3808,3806,3800,3795,3792,3790,3785,3781,3776,3770,3767,3765,3759,3748,3739,3729,3717,3700,3684,3675,3671,3665,3663,3666,3663,3657,3654,3653,3654,3655,3655,3656,3661,3664,3663,3659,3656,3654,3655,3662,3672,3674,3674,3669,3667,3664,3660,3653,3645,3635,3622,3605,3588,3567,3546,3528,3516,3508,3501,3495,3487,3477,3467,3456,3444,3435,3425,3413,3403
3198,3205,3210,3214,3219,3222,3220,3220,3216,3209,3202,3201,3203,3203,3205,3208,3213,3217,3219,3221,3224,3225,3226,3229,3231,3235,3240,3251,3261,3266,3275,3287,3296,3304,3312,3324,3334,3344,3354,3365,3371,3375,3377,3381,3383,3385,3387,3388,3388,3393,3395,3395,3397,3395,3391,3384,3378,3374,3372,3369,3366,3364,3359,3353,3346,3343,3343,3346,3350,3351,3350,3341,3334,3327,3320,3310,3300,3289,3284,3285,3290,3297,3308,3323,3335,3345,3356,3368,3376,3383,3392,3400,3411,3421,3430,3438,3444,3449,3452,3451,3446,3439,3431,3422,3417,3417,3415,3414,3411,3414,3423,3431,3440,3449,3461,3473,3483,3496,3509,3521,3529,3538,3546,3555,3565,3574,3582,3592,3599,3604,3611,3616,3618,3624,3636,3643,3649,3652,3656,3663,3667,3672,3680,3694,3704,3712,3721,3733,3743,3754,3766,3780,3790,3801,3813,3825,3835,3847,3858,3871,3885,3896,3901,3901,3896,3889,3884,3879,3874,3867,3863,3861,3859,3855,3849,3844,3839,3838,3837,3835,3833,3828,3824,3822,3820,3814,3812,3811,3808,3801,3794,3792,3792,3789,3783,3774,3768,3767,3768,3762,3750,3741,3735,3725,3712,3699,3685,3682,3680,3679,3684,3684,3679,3673,3672,3670,3675,3679,3681,3676,3680,3677,3670,3666,3665,3666,3673,3680,3682,3681,3676,3672,3669,3663,3656,3650,3639,3626,3608,3594,3574,3555,3538,3522,3510,3502,3495,3486,3476,3467,3454,3442,3435,3428,3417,3405
3194,3202,3207,3212,3219,3223,3226,3226,3221,3213,3207,3205,3206,3208,3209,3211,3216,3218,3221,3225,3228,3229,3232,3235,3240,3244,3252,3259,3266,3269,3277,3288,3299,3306,3314,3324,3334,3345,3356,3366,3373,3380,3385,3385,3387,3390,3393,3393,3393,3396,3399,3401,3403,3402,3397,3391,3386,3382,3380,3377,3374,3371,3367,3360,3354,3350,3346,3349,3352,3354,3353,3345,3339,3331,3322,3313,3304,3294,3284,3284,3288,3297,3311,3326,3337,3349,3360,3373,3380,3387,3396,3406,3419,3429,3438,3447,3457,3464,3467,3464,3454,3448,3441,3431,3425,3424,3423,3422,3418,3419,3426,3433,3440,3451,3462,3473,3482,3497,3509,3520,3529,3537,3546,3556,3568,3577,3585,3594,3601,3607,3616,3622,3628,3633,3640,3646,3652,3654,3656,3663,3668,3672,3681,3693,3706,3712,3720,3735,3746,3755,3765,3779,3790,3799,3811,3823,3834,3846,3859,3870,3880,3890,3896,3896,3893,3889,3882,3877,3870,3865,3861,3861,3858,3854,3850,3846,3841,3838,3837,3836,3837,3831,3825,3823,3821,3816,3811,3809,3809,3802,3795,3792,3791,3788,3782,3776,3769,3769,3769,3765,3757,3749,3742,3738,3733,3725,3708,3702,3697,3695,3697,3698,3694,3695,3698,3697,3697,3698,3695,3687,3687,3692,3688,3684,3674,3673,3682,3688,3687,3684,3680,3677,3671,3664,3657,3649,3639,3626,3613,3599,3581,3566,3550,3529,3511,3500,3492,3486,3479,3470,3458,3447,3440,3431,3421,3409
3194,3200,3204,3210,3217,3221,3224,3227,3224,3218,3214,3212,3211,3209,3210,3212,3214,3217,3222,3227,3231,3235,3239,3243,3246,3251,3258,3265,3268,3274,3283,3293,3303,3309,3316,3326,3336,3347,3358,3367,3376,3386,3391,3391,3393,3397,3399,3399,3399,3401,3401,3403,3406,3405,3400,3396,3393,3389,3385,3383,3382,3378,3373,3366,3359,3354,3351,3350,3354,3357,3358,3353,3348,3340,3327,3317,3308,3297,3288,3286,3291,3299,3312,3326,3338,3350,3360,3373,3381,3387,3397,3411,3425,3433,3441,3452,3464,3473,3475,3471,3462,3456,3450,3444,3439,3433,3434,3433,3431,3431,3434,3437,3443,3451,3461,3473,3482,3496,3508,3516,3526,3536,3546,3555,3567,3579,3591,3598,3603,3609,3617,3624,3632,3639,3645,3651,3656,3657,3660,3667,3670,3675,3682,3692,3705,3712,3720,3734,3747,3756,3768,3780,3791,3799,3810,3823,3837,3848,3858,3869,3878,3887,3892,3892,3891,3887,3879,3872,3867,3863,3861,3860,3856,3852,3850,3847,3843,3839,3838,3838,3837,3833,3827,3824,3823,3819,3813,3809,3808,3803,3796,3792,3791,3785,3783,3779,3775,3771,3769,3767,3762,3754,3747,3745,3743,3736,3722,3713,3709,3708,3705,3706,3711,3715,3716,3714,3712,3709,3705,3694,3693,3700,3701,3693,3681,3677,3684,3690,3689,3686,3682,3676,3669,3661,3654,3646,3636,3627,3616,3601,3586,3573,3560,3539,3514,3502,3493,3487,3483,3472,3462,3456,3446,3434,3423,3413
3192,3197,3203,3211,3218,3222,3225,3229,3226,3221,3219,3217,3214,3211,3209,3209,3210,3214,3221,3228,3234,3240,3243,3246,3250,3254,3261,3267,3274,3282,3290,3298,3305,3312,3322,3334,3342,3351,3361,3370,3378,3388,3391,3395,3399,3402,3402,3403,3403,3403,3405,3408,3410,3410,3406,3400,3396,3393,3389,3388,3389,3385,3378,3371,3364,3360,3356,3354,3357,3362,3364,3363,3356,3346,3334,3322,3313,3301,3290,3287,3292,3301,3312,3325,3339,3350,3361,3374,3384,3390,3400,3412,3423,3435,3444,3454,3467,3475,3479,3477,3470,3462,3456,3452,3448,3447,3446,3445,3445,3445,3444,3446,3448,3453,3460,3472,3482,3493,3502,3512,3522,3534,3544,3555,3567,3578,3589,3598,3604,3611,3620,3626,3636,3644,3652,3656,3659,3662,3667,3675,3678,3681,3688,3698,3708,3716,3725,3737,3748,3759,3770,3780,3791,3800,3812,3826,3837,3847,3855,3865,3875,3882,3887,3890,3890,3885,3878,3872,3865,3861,3860,3858,3857,3854,3850,3848,3844,3840,3838,3837,3835,3832,3828,3826,3826,3824,3817,3812,3809,3805,3798,3793,3791,3787,3785,3783,3778,3774,3771,3769,3764,3755,3752,3749,3745,3742,3733,3724,3722,3722,3725,3725,3727,3729,3726,3723,3720,3717,3714,3706,3704,3706,3702,3696,3691,3686,3686,3687,3686,3680,3674,3669,3663,3655,3648,3640,3630,3621,3611,3601,3587,3574,3559,3543,3521,3506,3497,3490,3483,3472,3462,3457,3449,3434,3423,3414
3190,3195,3202,3212,3220,3227,3231,3233,3229,3225,3222,3219,3215,3212,3211,3211,3211,3214,3221,3228,3235,3240,3244,3248,3255,3261,3266,3273,3281,3290,3298,3304,3308,3317,3330,3339,3345,3354,3366,3372,3377,3385,3391,3398,3402,3402,3404,3405,3404,3404,3407,3410,3412,3413,3412,3409,3405,3401,3397,3395,3395,3391,3384,3378,3372,3367,3361,3360,3363,3367,3372,3369,3361,3352,3340,3327,3316,3304,3293,3288,3293,3301,3311,3326,3338,3349,3360,3373,3382,3392,3403,3412,3425,3436,3447,3458,3469,3476,3481,3484,3480,3474,3467,3463,3462,3460,3458,3457,3457,3457,3455,3456,3455,3458,3465,3474,3481,3489,3498,3508,3520,3533,3545,3556,3566,3577,3588,3597,3603,3612,3618,3626,3637,3647,3656,3660,3663,3667,3674,3682,3686,3690,3697,3707,3714,3722,3729,3740,3750,3760,3770,3778,3788,3801,3816,3828,3837,3845,3852,3860,3871,3880,3884,3888,3889,3885,3879,3875,3866,3862,3860,3859,3859,3855,3851,3849,3846,3842,3840,3837,3834,3831,3828,3827,3829,3828,3820,3813,3810,3807,3801,3795,3791,3787,3787,3784,3780,3777,3774,3771,3767,3760,3756,3753,3748,3747,3742,3736,3734,3740,3743,3741,3738,3735,3733,3730,3729,3728,3729,3722,3718,3715,3708,3698,3694,3690,3685,3682,3678,3669,3662,3656,3650,3643,3636,3630,3619,3613,3608,3601,3589,3574,3559,3546,3526,3510,3500,3491,3483,3473,3464,3457,3449,3436,3425,3411
3190,3200,3208,3213,3220,3229,3235,3234,3231,3228,3226,3222,3219,3216,3214,3213,3213,3217,3222,3228,3234,3239,3244,3251,3261,3268,3273,3280,3290,3298,3305,3310,3315,3323,3333,3340,3347,3357,3367,3373,3377,3383,3390,3398,3403,3404,3405,3407,3407,3407,3410,3412,3413,3416,3416,3416,3413,3410,3405,3403,3400,3395,3388,3383,3378,3373,3369,3368,3369,3371,3375,3372,3363,3354,3344,3328,3317,3307,3297,3293,3296,3302,3312,3326,3338,3347,3357,3370,3381,3391,3403,3413,3426,3437,3448,3461,3471,3477,3483,3489,3489,3485,3480,3476,3474,3472,3469,3468,3470,3472,3471,3469,3466,3466,3470,3476,3482,3489,3496,3506,3518,3532,3544,3555,3566,3577,3589,3598,3605,3615,3621,3628,3637,3648,3657,3663,3667,3671,3676,3684,3690,3696,3704,3711,3717,3724,3733,3744,3751,3760,3769,3780,3790,3803,3817,3830,3838,3844,3851,3860,3873,3881,3886,3889,3890,3887,3881,3874,3868,3864,3861,3860,3860,3857,3852,3850,3848,3843,3841,3838,3834,3831,3829,3828,3829,3828,3820,3815,3813,3809,3804,3800,3793,3785,3785,3786,3783,3780,3778,3774,3769,3762,3758,3757,3753,3751,3747,3742,3742,3747,3749,3745,3742,3742,3742,3739,3739,3739,3738,3733,3726,3719,3710,3698,3692,3686,3678,3671,3663,3655,3648,3641,3633,3629,3623,3615,3606,3601,3599,3594,3586,3572,3558,3546,3529,3512,3500,3491,3484,3474,3465,3456,3448,3439,3428,3414
3195,3206,3212,3216,3222,3230,3235,3238,3235,3231,3229,3225,3223,3220,3217,3215,3216,3219,3224,3229,3235,3241,3248,3255,3264,3272,3278,3286,3296,3303,3308,3314,3321,3327,3334,3340,3347,3357,3369,3375,3379,3386,3393,3399,3403,3405,3406,3408,3409,3410,3412,3414,3415,3418,3421,3421,3419,3416,3412,3410,3406,3400,3393,3388,3382,3379,3377,3375,3374,3376,3378,3374,3366,3356,3346,3333,3321,3313,3305,3299,3299,3303,3314,3329,3338,3345,3356,3369,3380,3390,3400,3412,3425,3436,3447,3459,3470,3479,3486,3493,3496,3494,3492,3487,3484,3482,3478,3480,3485,3486,3485,3481,3476,3476,3478,3483,3488,3493,3500,3507,3517,3530,3543,3554,3565,3577,3590,3599,3610,3620,3624,3630,3640,3649,3657,3662,3665,3670,3677,3685,3691,3698,3705,3710,3716,3725,3736,3747,3754,3761,3770,3781,3792,3804,3818,3830,3838,3844,3853,3863,3875,3884,3888,3890,3890,3886,3882,3876,3869,3863,3861,3860,3859,3856,3851,3848,3845,3843,3840,3838,3836,3834,3830,3828,3827,3824,3820,3820,3818,3812,3805,3801,3795,3787,3784,3786,3786,3783,3778,3774,3770,3765,3763,3760,3756,3753,3748,3744,3746,3750,3748,3747,3747,3749,3751,3751,3747,3747,3745,3736,3726,3718,3708,3695,3685,3674,3664,3653,3643,3637,3632,3626,3620,3616,3610,3602,3594,3590,3588,3583,3575,3565,3554,3545,3531,3515,3503,3495,3485,3475,3466,3457,3448,3440,3432,3420
3199,3207,3214,3220,3226,3233,3239,3242,3237,3235,3233,3229,3226,3224,3223,3222,3223,3226,3230,3234,3240,3247,3253,3259,3266,3273,3279,3287,3298,3307,3312,3318,3324,3330,3337,3343,3350,3359,3370,3376,3381,3389,3396,3400,3403,3405,3407,3408,3410,3412,3414,3416,3416,3418,3422,3423,3421,3419,3417,3416,3411,3406,3399,3393,3388,3385,3382,3380,3379,3380,3381,3377,3368,3358,3348,3337,3327,3317,3309,3303,3302,3305,3316,3330,3336,3343,3355,3366,3378,3389,3400,3411,3425,3434,3443,3454,3467,3477,3487,3496,3502,3504,3504,3503,3500,3496,3494,3494,3496,3496,3496,3492,3486,3486,3487,3492,3496,3499,3504,3510,3519,3531,3542,3552,3562,3576,3589,3599,3611,3620,3624,3630,3641,3653,3657,3662,3667,3673,3682,3687,3693,3700,3707,3713,3718,3726,3738,3750,3757,3764,3773,3784,3794,3804,3818,3831,3839,3846,3856,3866,3877,3886,3889,3889,3886,3882,3879,3873,3868,3863,3861,3858,3856,3853,3849,3845,3844,3842,3839,3837,3837,3836,3832,3830,3827,3823,3821,3821,3821,3817,3811,3804,3799,3792,3787,3787,3787,3784,3778,3773,3771,3768,3768,3763,3754,3752,3749,3747,3749,3750,3748,3749,3753,3756,3757,3754,3749,3747,3741,3732,3721,3710,3701,3689,3677,3664,3653,3642,3629,3622,3618,3613,3609,3605,3599,3592,3584,3580,3576,3572,3566,3559,3550,3541,3530,3516,3506,3497,3485,3475,3467,3458,3449,3440,3433,3424
3199,3206,3214,3221,3227,3235,3241,3242,3240,3238,3237,3233,3229,3227,3227,3228,3229,3230,3233,3238,3245,3250,3255,3261,3268,3274,3281,3289,3300,3309,3315,3321,3327,3332,3340,3347,3354,3362,3371,3378,3383,3388,3396,3402,3403,3405,3408,3409,3412,3414,3416,3417,3418,3420,3423,3425,3425,3423,3421,3420,3415,3410,3403,3397,3394,3393,3390,3385,3384,3385,3385,3381,3373,3361,3351,3340,3330,3321,3313,3306,3305,3308,3318,3330,3339,3347,3355,3365,3376,3389,3399,3411,3423,3433,3442,3453,3465,3475,3487,3497,3506,3513,3516,3517,3517,3512,3511,3510,3508,3506,3507,3504,3501,3499,3498,3500,3504,3508,3511,3515,3521,3532,3543,3552,3561,3576,3590,3598,3607,3615,3624,3632,3643,3654,3659,3665,3672,3680,3685,3689,3697,3705,3714,3721,3724,3728,3739,3754,3760,3768,3777,3788,3796,3805,3820,3834,3841,3849,3859,3869,3878,3885,3887,3884,3880,3880,3876,3871,3866,3864,3862,3858,3854,3851,3848,3845,3844,3842,3838,3835,3836,3836,3834,3832,3829,3825,3822,3820,3820,3821,3815,3809,3803,3795,3789,3787,3787,3785,3779,3775,3773,3771,3770,3763,3754,3750,3750,3751,3753,3751,3749,3751,3755,3757,3757,3750,3745,3740,3733,3722,3713,3702,3691,3682,3670,3656,3647,3635,3621,3612,3606,3600,3598,3595,3590,3583,3575,3568,3563,3560,3558,3552,3545,3537,3525,3514,3504,3495,3484,3474,3465,3457,3450,3443,3435,3427
3200,3206,3214,3221,3227,3234,3240,3242,3242,3241,3238,3234,3231,3230,3230,3230,3230,3232,3236,3240,3246,3251,3257,3262,3268,3275,3282,3292,3302,3309,3316,3323,3329,3336,3343,3350,3357,3364,3371,3380,3384,3390,3399,3405,3406,3408,3409,3411,3413,3415,3416,3417,3420,3423,3426,3428,3429,3427,3424,3423,3419,3414,3408,3403,3401,3401,3396,3390,3389,3389,3388,3384,3375,3364,3354,3344,3334,3325,3318,3310,3309,3313,3325,3336,3345,3352,3358,3367,3380,3390,3400,3411,3422,3432,3444,3454,3464,3474,3487,3499,3509,3517,3522,3525,3525,3524,3523,3521,3519,3517,3516,3516,3516,3511,3509,3510,3514,3520,3524,3524,3525,3532,3545,3556,3563,3576,3590,3597,3605,3613,3622,3631,3643,3653,3661,3667,3674,3683,3688,3693,3700,3710,3721,3728,3732,3738,3748,3760,3768,3774,3782,3791,3799,3809,3823,3835,3843,3852,3863,3870,3878,3884,3883,3878,3878,3880,3877,3870,3866,3864,3862,3859,3854,3851,3848,3844,3842,3839,3836,3834,3833,3833,3833,3831,3828,3825,3823,3820,3818,3819,3816,3810,3804,3797,3790,3788,3788,3786,3780,3777,3774,3770,3768,3761,3755,3751,3752,3753,3754,3752,3752,3751,3751,3751,3749,3742,3735,3727,3720,3711,3702,3691,3681,3671,3659,3647,3639,3625,3614,3607,3599,3592,3589,3588,3583,3576,3567,3559,3554,3551,3548,3543,3536,3529,3516,3506,3498,3489,3479,3467,3460,3455,3451,3445,3438,3430
3199,3204,3213,3220,3226,3232,3239,3244,3245,3244,3239,3235,3234,3232,3232,3231,3232,3235,3238,3242,3247,3252,3257,3263,3270,3276,3283,3293,3302,3310,3318,3325,3331,3339,3347,3353,3361,3367,3373,3380,3387,3393,3401,3408,3411,3412,3412,3412,3413,3414,3415,3417,3419,3423,3428,3430,3431,3431,3429,3427,3424,3419,3413,3410,3407,3405,3400,3395,3395,3395,3392,3387,3377,3367,3358,3348,3338,3329,3321,3313,3313,3318,3328,3341,3348,3354,3360,3369,3383,3393,3402,3410,3422,3433,3443,3452,3462,3472,3485,3496,3507,3516,3523,3526,3529,3533,3534,3533,3531,3528,3525,3526,3526,3525,3523,3523,3525,3529,3533,3533,3532,3537,3547,3557,3566,3575,3588,3597,3605,3612,3621,3630,3640,3651,3661,3667,3675,3686,3695,3701,3707,3717,3725,3732,3741,3749,3758,3768,3776,3782,3787,3796,3803,3811,3822,3833,3845,3855,3864,3870,3877,3881,3878,3875,3876,3877,3872,3868,3866,3864,3861,3858,3854,3851,3847,3841,3838,3836,3833,3832,3831,3831,3830,3829,3826,3822,3820,3818,3815,3816,3816,3811,3805,3799,3794,3792,3792,3789,3784,3780,3776,3768,3761,3758,3754,3752,3751,3750,3748,3748,3748,3746,3742,3739,3734,3727,3719,3711,3703,3693,3684,3675,3667,3657,3647,3639,3630,3618,3610,3605,3597,3590,3587,3584,3578,3570,3562,3556,3549,3544,3537,3531,3525,3519,3506,3495,3489,3482,3473,3461,3455,3453,3450,3445,3439,3432
3194,3201,3210,3216,3221,3229,3237,3244,3246,3245,3242,3237,3235,3233,3232,3233,3234,3237,3240,3244,3249,3252,3257,3264,3272,3279,3286,3294,3302,3311,3320,3327,3334,3343,3352,3359,3366,3371,3375,3381,3388,3396,3402,3408,3413,3415,3415,3412,3411,3412,3413,3415,3417,3422,3427,3430,3432,3434,3434,3433,3429,3424,3421,3418,3414,3410,3404,3401,3401,3401,3396,3389,3379,3369,3362,3353,3343,3334,3325,3317,3316,3321,3331,3342,3350,3356,3361,3372,3385,3394,3402,3410,3422,3433,3439,3447,3458,3470,3480,3491,3502,3513,3521,3527,3534,3541,3543,3543,3544,3541,3540,3541,3541,3539,3537,3535,3534,3536,3539,3540,3540,3543,3549,3557,3567,3575,3586,3595,3604,3612,3622,3631,3640,3650,3661,3669,3678,3691,3701,3707,3714,3722,3728,3737,3747,3758,3766,3773,3780,3786,3791,3799,3806,3813,3821,3833,3846,3856,3863,3868,3873,3875,3873,3871,3870,3867,3864,3864,3864,3862,3859,3856,3853,3848,3844,3839,3835,3833,3831,3830,3830,3830,3829,3827,3824,3819,3816,3815,3814,3814,3813,3809,3806,3804,3799,3796,3795,3791,3786,3782,3776,3766,3756,3755,3752,3748,3744,3739,3739,3739,3737,3735,3730,3724,3716,3708,3702,3694,3685,3675,3667,3660,3654,3644,3638,3633,3626,3617,3609,3604,3597,3589,3586,3581,3574,3564,3557,3551,3543,3535,3526,3520,3517,3510,3496,3486,3480,3473,3466,3457,3453,3452,3447,3441,3437,3432
3187,3196,3205,3211,3217,3224,3233,3241,3244,3246,3244,3239,3235,3232,3232,3233,3235,3237,3241,3244,3248,3253,3258,3264,3273,3282,3289,3297,3303,3312,3321,3330,3339,3348,3357,3364,3370,3375,3379,3383,3389,3396,3402,3407,3411,3414,3415,3411,3409,3409,3410,3412,3416,3421,3426,3430,3433,3437,3439,3438,3436,3432,3430,3426,3421,3416,3412,3409,3409,3407,3400,3392,3383,3372,3364,3356,3347,3338,3327,3320,3321,3326,3333,3342,3349,3356,3362,3372,3384,3392,3398,3408,3422,3430,3436,3443,3456,3467,3477,3487,3499,3511,3520,3528,3538,3545,3548,3551,3554,3554,3554,3555,3554,3552,3549,3546,3544,3545,3547,3549,3550,3551,3554,3560,3570,3579,3587,3595,3604,3613,3623,3634,3643,3650,3659,3669,3680,3693,3705,3711,3717,3724,3732,3743,3754,3765,3773,3777,3784,3790,3797,3804,3810,3816,3824,3834,3846,3855,3862,3865,3868,3869,3870,3870,3866,3863,3862,3864,3863,3860,3856,3853,3849,3845,3842,3837,3833,3830,3828,3826,3827,3828,3827,3825,3822,3815,3812,3811,3813,3812,3808,3804,3805,3807,3801,3796,3793,3788,3783,3779,3772,3760,3750,3749,3747,3741,3732,3727,3729,3729,3723,3718,3712,3705,3697,3689,3682,3675,3667,3660,3654,3649,3644,3637,3633,3629,3624,3618,3610,3601,3594,3587,3582,3577,3570,3559,3549,3542,3536,3526,3516,3512,3509,3501,3488,3481,3474,3466,3461,3454,3452,3449,3444,3438,3435,3434
3181,3191,3199,3206,3213,3221,3228,3236,3242,3245,3244,3239,3233,3229,3229,3231,3234,3236,3240,3243,3248,3253,3258,3265,3273,3281,3290,3300,3306,3313,3321,3331,3343,3352,3359,3365,3371,3378,3382,3386,3389,3395,3399,3404,3407,3410,3410,3407,3405,3406,3407,3409,3414,3420,3425,3430,3435,3439,3441,3443,3444,3441,3438,3433,3428,3423,3420,3418,3416,3411,3404,3396,3387,3376,3366,3358,3350,3340,3329,3323,3325,3330,3337,3345,3350,3355,3362,3372,3383,3389,3395,3406,3420,3427,3434,3443,3455,3465,3475,3486,3498,3509,3519,3528,3537,3546,3553,3559,3562,3563,3564,3563,3563,3563,3561,3557,3554,3554,3556,3559,3562,3565,3565,3569,3576,3585,3591,3598,3606,3614,3624,3635,3645,3649,3657,3668,3680,3692,3704,3711,3717,3727,3738,3750,3760,3769,3777,3782,3788,3797,3806,3812,3816,3822,3830,3837,3846,3854,3860,3862,3864,3867,3869,3870,3866,3865,3867,3867,3864,3860,3854,3850,3846,3841,3837,3833,3830,3828,3826,3824,3823,3824,3823,3821,3818,3812,3810,3809,3810,3809,3806,3804,3805,3806,3800,3794,3789,3785,3781,3775,3767,3755,3743,3738,3737,3728,3718,3716,3716,3716,3708,3700,3693,3685,3678,3672,3664,3657,3652,3648,3644,3641,3636,3633,3630,3626,3621,3616,3609,3599,3590,3584,3576,3571,3564,3555,3542,3535,3528,3520,3510,3506,3499,3491,3481,3475,3466,3459,3456,3453,3451,3448,3443,3438,3436,3435
3175,3185,3193,3200,3208,3218,3225,3233,3239,3242,3241,3238,3231,3227,3225,3226,3229,3234,3238,3242,3248,3252,3258,3264,3273,3281,3291,3302,3308,3313,3321,3331,3345,3355,3361,3366,3373,3381,3385,3388,3390,3393,3395,3399,3402,3402,3401,3400,3401,3402,3404,3407,3412,3419,3425,3430,3436,3440,3444,3448,3450,3448,3445,3440,3434,3429,3426,3424,3422,3417,3410,3402,3392,3380,3369,3359,3351,3342,3333,3327,3328,3334,3341,3350,3354,3357,3362,3373,3385,3390,3395,3408,3421,3427,3434,3444,3455,3463,3472,3484,3496,3508,3519,3528,3537,3546,3556,3566,3570,3572,3572,3573,3575,3574,3572,3568,3563,3561,3561,3566,3574,3580,3580,3581,3585,3590,3597,3603,3609,3615,3624,3636,3647,3652,3658,3670,3682,3691,3700,3707,3717,3731,3743,3753,3763,3773,3781,3789,3795,3804,3816,3823,3825,3831,3837,3842,3847,3854,3858,3859,3861,3863,3867,3867,3865,3867,3870,3870,3866,3860,3853,3848,3842,3837,3833,3830,3827,3826,3826,3824,3821,3821,3820,3817,3814,3810,3808,3808,3808,3807,3807,3808,3807,3804,3800,3796,3790,3784,3781,3772,3764,3753,3734,3726,3721,3712,3705,3702,3696,3695,3690,3683,3675,3668,3662,3656,3650,3645,3642,3639,3636,3634,3632,3630,3628,3622,3616,3613,3608,3596,3586,3578,3568,3562,3555,3546,3536,3527,3520,3514,3505,3499,3488,3481,3474,3466,3458,3456,3455,3453,3451,3448,3443,3439,3437,3436
3171,3181,3189,3195,3203,3214,3222,3230,3235,3237,3237,3235,3228,3223,3221,3221,3225,3230,3236,3241,3246,3251,3257,3264,3273,3283,3294,3302,3308,3313,3320,3330,3344,3354,3361,3367,3374,3382,3387,3389,3390,3391,3391,3393,3395,3395,3393,3394,3395,3398,3401,3406,3412,3419,3425,3431,3436,3442,3448,3452,3454,3453,3451,3446,3441,3437,3434,3431,3430,3426,3419,3409,3398,3384,3372,3362,3353,3345,3338,3331,3330,3337,3344,3352,3356,3359,3363,3375,3387,3392,3398,3410,3422,3429,3436,3446,3457,3463,3470,3481,3492,3505,3519,3528,3536,3546,3556,3567,3574,3578,3580,3585,3586,3583,3580,3576,3570,3565,3565,3571,3581,3591,3594,3593,3594,3598,3602,3608,3614,3619,3627,3640,3650,3656,3663,3675,3685,3691,3701,3709,3720,3736,3749,3758,3767,3779,3789,3798,3802,3812,3824,3832,3835,3841,3844,3846,3850,3854,3856,3855,3856,3857,3860,3863,3863,3867,3868,3868,3864,3858,3851,3845,3837,3833,3830,3828,3826,3825,3824,3822,3819,3818,3817,3813,3809,3806,3806,3806,3805,3805,3807,3810,3809,3804,3802,3800,3792,3783,3778,3769,3761,3751,3728,3716,3705,3696,3691,3685,3677,3675,3673,3668,3660,3654,3648,3642,3638,3635,3635,3633,3631,3629,3628,3627,3623,3617,3612,3610,3605,3593,3583,3573,3559,3551,3545,3536,3527,3518,3510,3503,3497,3491,3480,3472,3466,3459,3455,3455,3455,3453,3451,3448,3445,3441,3440,3438
3168,3177,3185,3192,3199,3209,3218,3226,3231,3233,3233,3230,3225,3220,3217,3217,3221,3226,3233,3238,3244,3249,3256,3263,3275,3285,3294,3301,3307,3314,3322,3330,3341,3352,3360,3367,3374,3382,3387,3389,3389,3388,3386,3388,3390,3390,3388,3388,3390,3393,3396,3402,3410,3419,3425,3433,3439,3444,3452,3455,3456,3456,3456,3454,3450,3446,3442,3438,3436,3432,3426,3416,3403,3390,3378,3367,3357,3350,3344,3335,3332,3338,3345,3352,3355,3360,3366,3377,3387,3394,3400,3410,3421,3430,3438,3446,3457,3463,3471,3480,3490,3502,3516,3526,3535,3545,3554,3565,3575,3581,3586,3591,3592,3591,3588,3584,3578,3573,3572,3578,3586,3597,3602,3603,3605,3606,3608,3613,3620,3627,3634,3644,3653,3658,3666,3677,3686,3696,3708,3716,3725,3741,3756,3764,3772,3785,3796,3806,3811,3820,3831,3838,3842,3846,3848,3849,3852,3853,3854,3853,3853,3853,3855,3858,3861,3864,3864,3862,3860,3856,3850,3845,3835,3831,3828,3827,3824,3822,3820,3817,3815,3815,3814,3809,3804,3799,3800,3802,3800,3801,3804,3807,3807,3805,3803,3800,3791,3781,3772,3764,3756,3745,3723,3707,3692,3682,3677,3671,3665,3663,3661,3657,3649,3644,3640,3633,3628,3627,3628,3628,3625,3624,3623,3621,3616,3612,3608,3606,3601,3590,3578,3566,3551,3541,3536,3529,3518,3509,3499,3491,3488,3483,3474,3466,3459,3455,3455,3456,3456,3454,3451,3449,3449,3447,3446,3444
3167,3174,3182,3188,3195,3204,3214,3224,3229,3231,3230,3227,3222,3217,3215,3215,3217,3222,3228,3235,3240,3246,3253,3262,3275,3284,3292,3299,3307,3316,3324,3332,3340,3349,3357,3366,3373,3380,3386,3388,3387,3384,3382,3383,3385,3385,3383,3383,3384,3388,3395,3401,3408,3418,3427,3434,3440,3447,3453,3457,3459,3460,3462,3461,3459,3455,3450,3444,3439,3435,3429,3419,3406,3394,3383,3370,3362,3356,3349,3340,3335,3338,3345,3351,3355,3361,3370,3381,3388,3395,3402,3411,3420,3430,3439,3447,3458,3466,3475,3483,3491,3501,3514,3524,3533,3544,3554,3563,3574,3583,3589,3594,3596,3597,3597,3594,3589,3585,3584,3588,3594,3602,3606,3609,3613,3614,3616,3620,3626,3633,3641,3648,3654,3660,3669,3678,3690,3704,3716,3724,3731,3744,3758,3768,3778,3789,3800,3812,3821,3830,3840,3845,3848,3850,3851,3852,3853,3853,3854,3855,3854,3853,3854,3856,3860,3861,3859,3858,3855,3853,3851,3845,3835,3829,3827,3824,3821,3818,3816,3812,3810,3809,3807,3802,3798,3795,3796,3797,3796,3797,3799,3801,3802,3802,3798,3792,3785,3776,3765,3757,3749,3736,3711,3693,3679,3671,3665,3660,3658,3656,3653,3649,3641,3637,3634,3628,3623,3621,3621,3620,3618,3616,3615,3613,3609,3606,3603,3601,3595,3583,3571,3559,3544,3534,3528,3522,3511,3499,3490,3483,3480,3477,3470,3462,3455,3455,3457,3458,3458,3456,3454,3454,3455,3454,3453,3452
3166,3171,3177,3184,3191,3201,3211,3222,3227,3228,3228,3224,3219,3215,3212,3213,3214,3217,3224,3231,3237,3242,3250,3259,3271,3281,3290,3298,3308,3317,3325,3332,3340,3348,3356,3365,3371,3377,3383,3386,3384,3380,3378,3377,3378,3378,3377,3378,3381,3387,3396,3403,3409,3418,3429,3436,3440,3447,3453,3458,3463,3467,3468,3466,3464,3461,3456,3451,3444,3439,3432,3422,3408,3397,3385,3373,3364,3358,3352,3343,3337,3339,3345,3352,3358,3364,3374,3383,3390,3397,3406,3414,3422,3431,3440,3449,3462,3471,3480,3487,3495,3504,3513,3522,3532,3542,3553,3563,3574,3585,3591,3597,3600,3602,3604,3603,3602,3599,3598,3601,3605,3607,3611,3616,3620,3623,3624,3627,3631,3637,3645,3649,3653,3661,3671,3684,3697,3709,3720,3728,3736,3747,3757,3770,3783,3793,3803,3817,3829,3839,3846,3851,3854,3855,3855,3854,3854,3854,3854,3855,3855,3853,3853,3854,3857,3856,3855,3855,3852,3851,3850,3845,3835,3827,3823,3820,3817,3814,3813,3810,3805,3802,3799,3797,3795,3792,3792,3793,3794,3794,3795,3796,3798,3797,3790,3783,3777,3769,3757,3749,3739,3723,3696,3678,3668,3663,3657,3654,3652,3650,3648,3643,3637,3633,3630,3627,3622,3616,3613,3611,3608,3606,3605,3604,3600,3598,3596,3595,3588,3577,3567,3553,3538,3529,3521,3513,3502,3491,3484,3479,3474,3471,3465,3460,3455,3456,3459,3460,3461,3460,3459,3460,3461,3461,3460,3459
3162,3168,3174,3180,3189,3200,3208,3216,3220,3222,3222,3220,3216,3211,3209,3209,3211,3215,3222,3228,3232,3239,3247,3256,3267,3278,3288,3298,3309,3318,3325,3333,3342,3351,3358,3362,3367,3373,3378,3382,3380,3376,3372,3370,3371,3371,3371,3373,3379,3388,3397,3403,3410,3420,3432,3439,3443,3449,3455,3461,3468,3472,3474,3472,3468,3466,3462,3456,3450,3443,3434,3422,3410,3399,3388,3376,3367,3359,3352,3343,3338,3340,3345,3354,3361,3366,3376,3386,3394,3403,3411,3419,3428,3435,3442,3451,3465,3473,3481,3489,3497,3505,3512,3520,3530,3541,3552,3564,3576,3586,3592,3597,3602,3606,3610,3612,3613,3611,3611,3613,3613,3613,3619,3624,3628,3629,3630,3631,3635,3640,3645,3648,3653,3662,3675,3690,3705,3714,3722,3731,3739,3747,3757,3772,3787,3798,3808,3823,3836,3846,3852,3856,3857,3857,3857,3856,3855,3853,3851,3852,3854,3853,3853,3852,3852,3851,3851,3852,3850,3847,3845,3842,3833,3824,3819,3816,3812,3810,3808,3805,3801,3797,3794,3794,3793,3790,3789,3789,3790,3790,3790,3791,3792,3791,3786,3779,3771,3760,3749,3739,3725,3707,3684,3669,3662,3656,3649,3645,3644,3643,3641,3639,3634,3629,3626,3624,3619,3610,3605,3602,3599,3595,3592,3592,3589,3587,3586,3585,3580,3571,3560,3546,3532,3522,3512,3503,3492,3484,3478,3475,3471,3466,3462,3460,3458,3460,3463,3463,3464,3465,3467,3469,3469,3468,3468,3466
3157,3163,3169,3176,3184,3194,3202,3208,3212,3215,3215,3212,3210,3207,3205,3205,3207,3211,3217,3223,3229,3238,3246,3254,3266,3276,3285,3296,3311,3319,3326,3335,3347,3355,3358,3361,3365,3370,3373,3375,3376,3372,3366,3362,3364,3367,3368,3372,3380,3391,3397,3403,3412,3425,3436,3444,3449,3454,3460,3465,3472,3475,3477,3478,3474,3471,3469,3463,3457,3446,3435,3423,3411,3400,3390,3380,3371,3363,3354,3342,3338,3340,3345,3354,3360,3366,3377,3389,3399,3408,3417,3425,3436,3443,3449,3458,3467,3474,3481,3489,3498,3506,3512,3520,3530,3541,3552,3564,3575,3584,3590,3597,3604,3611,3615,3617,3618,3617,3618,3621,3620,3623,3629,3634,3635,3636,3636,3636,3638,3642,3647,3651,3658,3667,3680,3695,3708,3716,3725,3734,3742,3748,3760,3775,3789,3801,3814,3829,3841,3851,3857,3859,3859,3859,3859,3857,3854,3851,3847,3847,3850,3852,3853,3850,3848,3848,3847,3847,3845,3842,3839,3837,3830,3822,3818,3813,3809,3806,3803,3799,3796,3794,3791,3790,3789,3787,3784,3785,3785,3785,3785,3784,3782,3784,3783,3775,3767,3754,3743,3730,3712,3694,3676,3663,3657,3650,3642,3638,3637,3636,3635,3634,3629,3625,3621,3617,3611,3603,3597,3594,3589,3584,3579,3578,3577,3576,3575,3573,3568,3562,3552,3539,3525,3514,3503,3493,3483,3477,3473,3471,3469,3465,3464,3465,3466,3468,3469,3470,3472,3475,3480,3483,3483,3481,3479,3475
3149,3157,3164,3171,3178,3187,3194,3200,3205,3208,3208,3206,3204,3201,3200,3199,3203,3206,3210,3219,3227,3235,3245,3252,3263,3273,3284,3296,3310,3319,3326,3335,3347,3356,3360,3361,3364,3367,3369,3368,3369,3366,3361,3357,3359,3364,3368,3373,3382,3391,3398,3404,3415,3428,3439,3447,3453,3459,3464,3468,3473,3476,3479,3481,3480,3478,3476,3471,3462,3449,3436,3425,3415,3404,3393,3382,3374,3366,3357,3345,3341,3343,3347,3355,3360,3367,3379,3393,3403,3410,3419,3430,3442,3451,3458,3465,3472,3477,3483,3491,3500,3509,3514,3522,3533,3543,3552,3563,3573,3583,3590,3598,3606,3613,3618,3620,3622,3624,3625,3628,3629,3634,3640,3643,3645,3645,3643,3641,3641,3644,3654,3662,3667,3673,3683,3695,3708,3717,3727,3738,3746,3753,3764,3779,3793,3806,3818,3832,3843,3853,3859,3862,3862,3861,3860,3859,3855,3849,3845,3844,3847,3849,3848,3845,3844,3844,3841,3840,3837,3836,3834,3832,3825,3819,3815,3810,3802,3800,3798,3794,3792,3790,3785,3783,3783,3782,3779,3780,3781,3783,3782,3781,3781,3782,3780,3771,3762,3750,3737,3722,3703,3684,3670,3659,3654,3646,3639,3634,3631,3631,3630,3627,3622,3618,3614,3608,3601,3594,3588,3581,3575,3571,3568,3564,3564,3565,3564,3563,3558,3552,3543,3531,3516,3504,3492,3483,3475,3472,3469,3469,3470,3469,3471,3474,3476,3476,3478,3483,3486,3488,3494,3499,3500,3501,3498,3491
3144,3151,3159,3166,3173,3180,3185,3193,3199,3203,3205,3202,3199,3198,3195,3195,3198,3201,3206,3214,3223,3231,3240,3249,3260,3270,3280,3293,3306,3317,3325,3336,3345,3354,3360,3361,3362,3363,3364,3363,3362,3360,3356,3354,3357,3363,3370,3376,3383,3391,3400,3409,3419,3431,3441,3448,3455,3463,3470,3475,3479,3481,3483,3486,3485,3484,3481,3475,3466,3453,3439,3428,3417,3407,3396,3383,3374,3367,3360,3350,3347,3348,3351,3357,3362,3370,3381,3394,3403,3410,3422,3435,3447,3456,3463,3469,3477,3483,3488,3493,3501,3510,3518,3525,3537,3546,3554,3562,3572,3584,3593,3600,3606,3615,3621,3625,3628,3632,3634,3636,3639,3642,3647,3651,3651,3649,3648,3647,3646,3649,3659,3671,3677,3679,3685,3696,3709,3721,3732,3741,3751,3759,3770,3785,3799,3810,3820,3832,3845,3856,3863,3866,3866,3865,3862,3858,3853,3848,3844,3843,3844,3844,3843,3840,3840,3840,3837,3835,3831,3832,3832,3828,3822,3816,3810,3803,3796,3794,3794,3791,3789,3785,3781,3779,3779,3777,3776,3775,3775,3776,3778,3779,3778,3778,3774,3765,3757,3746,3732,3712,3695,3677,3665,3658,3652,3645,3638,3631,3628,3626,3625,3622,3617,3611,3606,3599,3591,3586,3581,3571,3564,3561,3558,3555,3554,3554,3554,3552,3549,3544,3535,3522,3506,3495,3483,3476,3472,3471,3469,3468,3471,3473,3474,3476,3478,3482,3487,3497,3500,3502,3507,3513,3519,3522,3517,3510
3136,3143,3151,3159,3166,3172,3177,3185,3194,3200,3203,3200,3197,3194,3191,3190,3194,3198,3204,3212,3220,3227,3235,3245,3257,3266,3276,3287,3303,3315,3326,3338,3347,3352,3357,3358,3357,3355,3355,3356,3356,3353,3349,3348,3353,3361,3369,3377,3385,3394,3404,3413,3423,3435,3444,3452,3459,3467,3476,3481,3484,3487,3488,3490,3490,3489,3486,3480,3471,3457,3443,3431,3419,3408,3399,3386,3376,3368,3362,3357,3352,3351,3355,3362,3368,3375,3385,3395,3404,3413,3426,3438,3449,3459,3467,3473,3482,3489,3493,3497,3503,3512,3521,3529,3541,3549,3555,3563,3572,3585,3595,3601,3608,3618,3624,3629,3635,3640,3642,3643,3647,3653,3656,3656,3656,3655,3656,3656,3655,3657,3666,3676,3680,3682,3687,3698,3713,3728,3737,3743,3752,3764,3776,3789,3803,3814,3823,3835,3847,3859,3869,3872,3872,3870,3865,3859,3852,3847,3843,3842,3841,3840,3839,3839,3835,3835,3834,3833,3830,3828,3825,3824,3821,3814,3804,3799,3795,3792,3789,3786,3784,3782,3779,3778,3775,3773,3772,3771,3770,3771,3773,3775,3774,3769,3765,3758,3748,3735,3717,3698,3683,3671,3661,3654,3647,3641,3634,3629,3625,3623,3620,3617,3613,3605,3599,3588,3581,3578,3572,3563,3557,3553,3551,3547,3547,3546,3543,3542,3541,3535,3526,3512,3498,3489,3480,3476,3472,3471,3471,3471,3475,3477,3479,3480,3482,3489,3498,3507,3513,3518,3526,3531,3535,3539,3534,3525
3128,3134,3143,3152,3160,3165,3171,3181,3191,3198,3202,3200,3195,3190,3186,3186,3192,3198,3204,3212,3219,3225,3231,3240,3252,3262,3273,3284,3300,3315,3327,3338,3344,3349,3352,3352,3350,3348,3347,3348,3347,3344,3341,3344,3348,3357,3368,3379,3388,3396,3407,3417,3428,3441,3452,3459,3465,3471,3479,3484,3486,3490,3491,3492,3493,3493,3490,3481,3471,3459,3445,3434,3423,3414,3405,3392,3382,3372,3367,3360,3352,3351,3357,3368,3377,3383,3391,3399,3408,3417,3429,3439,3450,3461,3470,3476,3484,3491,3496,3502,3510,3519,3526,3532,3538,3546,3555,3566,3575,3584,3594,3601,3610,3620,3628,3635,3640,3646,3648,3649,3655,3661,3663,3662,3661,3660,3664,3667,3666,3666,3672,3678,3682,3685,3692,3702,3719,3732,3742,3747,3756,3766,3777,3792,3807,3817,3827,3840,3852,3862,3871,3876,3874,3872,3867,3859,3850,3844,3842,3840,3837,3835,3836,3835,3832,3831,3832,3830,3826,3822,3819,3818,3815,3808,3801,3797,3793,3789,3786,3782,3777,3776,3774,3774,3771,3769,3768,3767,3766,3766,3767,3769,3767,3762,3756,3747,3735,3721,3701,3685,3675,3665,3655,3647,3641,3634,3629,3626,3624,3621,3615,3611,3606,3596,3585,3578,3573,3568,3561,3555,3551,3545,3541,3540,3537,3536,3534,3532,3529,3523,3515,3504,3493,3486,3481,3479,3479,3476,3478,3479,3484,3487,3487,3489,3495,3504,3513,3523,3532,3544,3552,3553,3553,3552,3548,3538
3120,3127,3137,3146,3154,3160,3168,3179,3188,3195,3201,3199,3193,3186,3182,3184,3190,3196,3203,3211,3218,3223,3229,3238,3249,3260,3271,3281,3295,3313,3328,3337,3341,3344,3345,3344,3339,3338,3338,3336,3335,3332,3334,3339,3346,3358,3372,3383,3390,3399,3410,3421,3434,3446,3457,3464,3469,3476,3485,3489,3492,3494,3495,3498,3499,3497,3490,3481,3471,3459,3447,3439,3431,3424,3417,3403,3391,3382,3373,3363,3356,3354,3360,3371,3381,3389,3395,3401,3408,3415,3426,3441,3454,3464,3471,3478,3488,3493,3500,3509,3518,3526,3532,3536,3541,3550,3560,3570,3579,3588,3594,3602,3612,3623,3632,3639,3645,3651,3656,3660,3663,3666,3666,3664,3662,3664,3674,3678,3674,3672,3674,3677,3683,3691,3700,3710,3723,3734,3743,3749,3759,3769,3779,3793,3807,3818,3829,3844,3855,3863,3871,3875,3875,3873,3867,3858,3848,3843,3841,3839,3834,3831,3832,3831,3829,3829,3829,3826,3820,3816,3812,3811,3807,3802,3796,3793,3788,3785,3784,3780,3775,3771,3769,3768,3765,3761,3761,3760,3761,3761,3761,3763,3762,3756,3745,3736,3726,3713,3694,3679,3669,3659,3652,3643,3634,3626,3622,3619,3617,3613,3608,3602,3596,3585,3576,3571,3569,3563,3556,3549,3544,3537,3532,3531,3528,3523,3523,3524,3520,3515,3510,3501,3493,3490,3490,3491,3491,3488,3486,3488,3493,3496,3498,3502,3507,3515,3528,3541,3554,3563,3568,3567,3564,3563,3559,3550
3114,3122,3131,3142,3150,3157,3165,3178,3185,3189,3193,3193,3189,3182,3180,3182,3186,3192,3201,3209,3217,3220,3226,3235,3248,3259,3271,3280,3293,3314,3329,3335,3335,3335,3336,3335,3329,3325,3326,3326,3326,3326,3329,3336,3346,3360,3372,3381,3391,3402,3414,3427,3439,3450,3460,3467,3472,3479,3487,3492,3496,3499,3502,3504,3504,3501,3493,3483,3473,3462,3452,3445,3439,3433,3424,3415,3403,3390,3380,3369,3361,3359,3363,3373,3384,3392,3398,3407,3418,3425,3433,3443,3457,3467,3473,3481,3490,3496,3504,3512,3522,3530,3536,3541,3546,3555,3563,3572,3580,3588,3597,3607,3617,3628,3637,3645,3649,3655,3662,3668,3670,3670,3672,3672,3672,3675,3680,3683,3681,3679,3682,3685,3692,3702,3710,3719,3728,3735,3745,3751,3760,3773,3782,3795,3808,3820,3827,3839,3852,3861,3867,3872,3872,3868,3864,3857,3848,3842,3839,3835,3830,3829,3829,3827,3825,3826,3823,3820,3813,3808,3806,3804,3800,3796,3793,3787,3783,3780,3778,3776,3771,3767,3764,3762,3758,3755,3754,3754,3754,3755,3753,3756,3756,3748,3735,3729,3721,3702,3682,3672,3660,3654,3647,3638,3629,3620,3615,3611,3607,3602,3598,3593,3586,3578,3570,3565,3565,3561,3553,3546,3538,3530,3525,3524,3519,3515,3516,3518,3515,3510,3505,3501,3498,3499,3499,3502,3503,3501,3498,3497,3501,3505,3508,3513,3520,3529,3544,3555,3568,3577,3581,3578,3574,3572,3566,3558
3109,3117,3126,3138,3145,3153,3163,3174,3180,3185,3186,3186,3185,3181,3177,3178,3183,3189,3197,3206,3213,3217,3223,3236,3248,3258,3269,3280,3294,3311,3323,3328,3326,3324,3324,3324,3319,3315,3315,3316,3318,3320,3326,3337,3347,3359,3370,3380,3391,3405,3420,3431,3440,3450,3460,3466,3471,3478,3484,3490,3496,3503,3509,3509,3508,3505,3499,3487,3477,3466,3456,3451,3445,3438,3430,3422,3410,3395,3382,3371,3363,3361,3366,3376,3385,3394,3402,3414,3427,3435,3440,3448,3461,3469,3478,3488,3496,3502,3509,3515,3526,3534,3538,3541,3548,3559,3567,3574,3581,3591,3603,3612,3622,3633,3641,3649,3654,3661,3667,3670,3674,3681,3685,3683,3683,3681,3684,3688,3689,3689,3690,3694,3703,3712,3723,3732,3737,3741,3749,3758,3767,3776,3784,3796,3811,3822,3830,3839,3849,3858,3865,3870,3869,3863,3858,3852,3846,3840,3835,3830,3827,3825,3823,3819,3818,3819,3816,3813,3809,3804,3802,3799,3795,3790,3788,3784,3779,3775,3769,3766,3763,3759,3757,3756,3754,3752,3750,3748,3748,3747,3745,3746,3746,3737,3728,3721,3706,3687,3676,3663,3654,3649,3641,3634,3625,3617,3610,3606,3600,3595,3591,3584,3579,3573,3565,3561,3562,3561,3555,3547,3538,3530,3528,3526,3522,3518,3518,3519,3515,3511,3509,3509,3510,3509,3507,3508,3513,3512,3511,3513,3511,3515,3518,3524,3535,3550,3565,3575,3584,3593,3595,3590,3584,3578,3571,3562
3103,3112,3122,3134,3143,3151,3160,3170,3176,3179,3181,3181,3182,3179,3174,3174,3177,3184,3192,3200,3208,3213,3222,3235,3247,3254,3265,3279,3296,3312,3321,3323,3320,3314,3313,3311,3307,3304,3303,3305,3308,3314,3324,3335,3348,3360,3373,3384,3396,3408,3419,3430,3438,3447,3456,3461,3467,3476,3481,3488,3496,3503,3509,3512,3510,3507,3500,3492,3483,3473,3463,3456,3450,3443,3435,3426,3411,3398,3386,3374,3367,3367,3371,3379,3389,3399,3407,3417,3428,3438,3445,3453,3465,3473,3483,3494,3504,3510,3514,3520,3529,3536,3539,3544,3553,3563,3571,3578,3588,3595,3606,3616,3626,3637,3645,3653,3660,3667,3671,3675,3682,3690,3691,3692,3692,3690,3693,3696,3698,3701,3702,3707,3713,3723,3734,3743,3748,3749,3758,3768,3776,3781,3787,3800,3813,3824,3832,3841,3848,3855,3863,3867,3866,3859,3852,3847,3841,3835,3830,3825,3821,3821,3818,3813,3812,3813,3812,3808,3805,3802,3799,3795,3792,3785,3783,3780,3772,3768,3762,3758,3756,3753,3749,3749,3750,3747,3744,3742,3741,3739,3737,3737,3737,3727,3717,3703,3687,3677,3664,3655,3648,3643,3635,3630,3621,3613,3606,3600,3594,3589,3583,3577,3574,3570,3564,3560,3561,3559,3554,3548,3545,3541,3540,3537,3534,3531,3529,3529,3527,3522,3522,3521,3518,3516,3516,3518,3520,3522,3524,3525,3525,3530,3536,3542,3554,3564,3577,3591,3601,3602,3602,3600,3593,3583,3576,3566
3099,3109,3119,3130,3139,3148,3156,3164,3169,3172,3174,3173,3176,3176,3172,3168,3171,3179,3186,3195,3201,3207,3217,3231,3243,3250,3261,3276,3291,3308,3317,3317,3312,3304,3300,3298,3297,3295,3294,3297,3301,3309,3321,3334,3347,3360,3374,3388,3399,3410,3418,3426,3434,3442,3450,3456,3463,3472,3478,3485,3494,3500,3507,3511,3509,3504,3501,3495,3486,3476,3466,3457,3449,3442,3436,3426,3408,3397,3387,3376,3371,3371,3376,3383,3392,3402,3411,3420,3430,3440,3448,3456,3469,3480,3491,3503,3511,3514,3516,3522,3530,3536,3542,3549,3560,3567,3574,3584,3591,3598,3607,3618,3629,3638,3645,3655,3665,3673,3677,3682,3692,3698,3700,3700,3701,3701,3703,3704,3707,3711,3716,3723,3727,3729,3737,3746,3753,3759,3768,3775,3781,3787,3795,3806,3812,3822,3831,3842,3846,3852,3859,3863,3861,3854,3848,3842,3836,3831,3825,3821,3819,3819,3816,3810,3808,3809,3808,3805,3802,3800,3795,3791,3785,3780,3777,3774,3771,3766,3760,3753,3748,3744,3741,3741,3742,3740,3736,3734,3733,3731,3731,3729,3723,3714,3703,3690,3679,3669,3657,3650,3644,3638,3632,3625,3615,3607,3600,3595,3588,3583,3579,3574,3571,3569,3564,3560,3561,3560,3557,3554,3555,3553,3550,3547,3544,3541,3539,3540,3538,3535,3533,3530,3526,3526,3529,3531,3532,3535,3537,3540,3543,3549,3553,3561,3573,3582,3594,3605,3614,3612,3607,3604,3598,3588,3579,3567
3097,3107,3116,3127,3137,3147,3154,3157,3159,3161,3164,3166,3169,3171,3170,3166,3166,3171,3180,3188,3195,3201,3210,3224,3236,3245,3255,3268,3284,3297,3307,3309,3303,3297,3291,3289,3287,3285,3285,3290,3297,3306,3318,3332,3345,3358,3373,3387,3400,3408,3414,3419,3427,3437,3445,3452,3459,3466,3475,3483,3490,3497,3503,3508,3507,3504,3500,3493,3484,3475,3467,3459,3448,3440,3434,3423,3405,3394,3386,3377,3373,3374,3380,3387,3395,3405,3415,3426,3437,3445,3452,3461,3477,3489,3499,3507,3514,3515,3520,3527,3534,3541,3550,3558,3568,3574,3581,3589,3598,3605,3612,3623,3632,3639,3649,3661,3669,3677,3683,3690,3697,3702,3705,3706,3707,3708,3709,3713,3718,3720,3726,3730,3733,3736,3744,3753,3762,3771,3780,3783,3788,3793,3802,3811,3814,3819,3828,3839,3844,3848,3852,3855,3854,3850,3843,3837,3832,3827,3821,3816,3814,3812,3811,3808,3806,3804,3801,3799,3796,3792,3788,3785,3781,3777,3774,3773,3772,3767,3759,3748,3739,3736,3735,3735,3734,3732,3729,3727,3725,3724,3724,3720,3713,3704,3692,3679,3670,3660,3651,3644,3638,3635,3630,3620,3610,3603,3597,3591,3587,3585,3583,3580,3576,3572,3568,3566,3567,3567,3565,3566,3566,3563,3559,3556,3555,3553,3552,3549,3548,3547,3543,3539,3536,3535,3538,3542,3548,3552,3555,3559,3568,3572,3574,3580,3590,3601,3611,3617,3621,3620,3614,3609,3603,3592,3583,3571
3095,3105,3113,3122,3134,3143,3149,3150,3149,3150,3154,3158,3162,3166,3166,3164,3162,3166,3173,3182,3189,3195,3203,3215,3227,3236,3247,3261,3277,3289,3297,3299,3295,3288,3283,3280,3277,3277,3279,3285,3295,3304,3317,3332,3345,3357,3370,3384,3395,3403,3408,3414,3421,3430,3439,3446,3454,3462,3472,3481,3487,3494,3501,3507,3508,3504,3499,3490,3482,3475,3468,3460,3448,3437,3432,3421,3404,3393,3387,3380,3375,3377,3383,3392,3401,3411,3421,3433,3444,3451,3459,3470,3483,3495,3503,3509,3515,3521,3528,3534,3540,3548,3554,3561,3571,3580,3587,3596,3604,3612,3618,3626,3634,3646,3656,3665,3672,3680,3689,3696,3702,3710,3712,3712,3713,3716,3719,3723,3728,3731,3733,3736,3739,3743,3752,3762,3770,3778,3785,3789,3793,3796,3802,3812,3815,3820,3827,3836,3841,3843,3846,3848,3847,3843,3837,3832,3827,3822,3816,3810,3806,3805,3806,3805,3803,3801,3797,3793,3790,3786,3783,3781,3777,3774,3772,3769,3768,3763,3757,3749,3740,3735,3735,3731,3727,3725,3724,3721,3717,3717,3717,3714,3704,3695,3683,3672,3662,3653,3645,3638,3634,3631,3625,3618,3610,3604,3598,3594,3592,3593,3591,3589,3586,3583,3579,3577,3576,3576,3577,3577,3575,3571,3568,3563,3564,3565,3564,3561,3559,3555,3551,3549,3549,3548,3550,3554,3564,3570,3575,3583,3587,3589,3591,3594,3604,3616,3624,3628,3628,3625,3620,3614,3609,3600,3590,3578
3093,3102,3110,3118,3127,3135,3139,3141,3141,3141,3143,3148,3154,3158,3159,3158,3159,3162,3168,3173,3181,3187,3195,3206,3216,3226,3237,3250,3264,3278,3284,3285,3282,3276,3271,3268,3268,3271,3275,3283,3294,3305,3318,3332,3343,3356,3368,3379,3389,3396,3404,3411,3418,3426,3433,3441,3451,3460,3471,3480,3486,3493,3503,3508,3510,3507,3499,3490,3483,3477,3470,3461,3451,3439,3432,3421,3406,3396,3390,3384,3380,3383,3389,3398,3408,3416,3426,3439,3450,3456,3465,3475,3488,3499,3506,3513,3520,3529,3537,3541,3547,3554,3560,3566,3573,3582,3591,3601,3609,3616,3622,3629,3638,3651,3660,3667,3675,3685,3694,3703,3712,3719,3720,3719,3723,3729,3731,3731,3733,3735,3740,3745,3749,3752,3758,3765,3773,3781,3787,3789,3794,3799,3804,3811,3817,3821,3826,3833,3838,3840,3842,3842,3840,3836,3834,3829,3824,3819,3814,3808,3804,3804,3804,3802,3800,3797,3792,3787,3785,3783,3781,3778,3774,3772,3770,3766,3762,3759,3755,3750,3741,3735,3733,3727,3720,3716,3717,3714,3710,3708,3707,3703,3696,3687,3676,3666,3657,3648,3643,3636,3633,3629,3625,3619,3615,3609,3603,3602,3602,3601,3599,3596,3594,3593,3591,3588,3588,3589,3591,3592,3589,3585,3582,3578,3577,3577,3576,3575,3572,3567,3563,3563,3565,3562,3561,3566,3576,3589,3595,3599,3602,3606,3610,3612,3619,3628,3634,3636,3635,3632,3626,3620,3614,3606,3596,3585
3089,3098,3106,3112,3120,3127,3131,3134,3134,3133,3134,3138,3143,3147,3150,3150,3152,3156,3162,3167,3174,3180,3188,3198,3208,3217,3228,3238,3250,3263,3268,3269,3266,3263,3259,3257,3259,3265,3272,3281,3292,3305,3316,3327,3339,3352,3363,3374,3383,3391,3399,3408,3415,3422,3430,3439,3449,3457,3469,3479,3485,3493,3504,3511,3513,3510,3501,3493,3485,3480,3475,3466,3456,3445,3434,3424,3411,3402,3395,3387,3384,3388,3395,3403,3412,3420,3429,3442,3452,3459,3467,3477,3489,3500,3510,3519,3529,3538,3545,3549,3553,3560,3567,3572,3580,3588,3597,3606,3613,3622,3628,3634,3643,3654,3662,3668,3677,3688,3699,3708,3715,3721,3725,3728,3733,3740,3741,3739,3739,3740,3747,3751,3756,3759,3763,3769,3777,3785,3788,3789,3796,3802,3807,3811,3818,3822,3825,3832,3835,3837,3837,3836,3832,3829,3829,3827,3823,3820,3816,3811,3806,3804,3803,3801,3798,3793,3788,3784,3783,3782,3781,3779,3775,3773,3769,3763,3757,3755,3752,3747,3740,3732,3727,3722,3715,3712,3714,3710,3704,3700,3698,3696,3690,3680,3672,3667,3662,3658,3648,3645,3641,3635,3630,3626,3624,3621,3618,3616,3616,3614,3611,3608,3606,3607,3607,3606,3607,3608,3610,3608,3606,3601,3597,3596,3594,3591,3588,3589,3589,3583,3580,3579,3581,3579,3578,3581,3594,3608,3614,3613,3616,3623,3628,3631,3632,3638,3644,3644,3641,3638,3633,3626,3619,3609,3599,3589
3083,3091,3099,3106,3112,3119,3124,3128,3127,3125,3125,3129,3133,3137,3140,3143,3145,3150,3155,3160,3166,3171,3178,3189,3200,3210,3219,3227,3238,3248,3252,3253,3252,3251,3248,3248,3253,3260,3269,3280,3291,3304,3314,3324,3335,3347,3357,3367,3375,3384,3393,3403,3410,3418,3427,3437,3447,3457,3468,3478,3486,3495,3506,3512,3514,3510,3502,3496,3489,3483,3478,3471,3462,3450,3437,3426,3414,3404,3397,3390,3387,3392,3399,3408,3416,3424,3432,3444,3455,3463,3471,3480,3492,3503,3514,3525,3536,3544,3550,3555,3562,3569,3575,3581,3589,3597,3604,3611,3621,3629,3635,3642,3650,3658,3663,3670,3680,3694,3703,3711,3719,3725,3732,3738,3742,3745,3746,3747,3747,3749,3752,3754,3759,3764,3768,3777,3788,3795,3795,3796,3802,3809,3812,3815,3819,3822,3825,3830,3833,3832,3831,3829,3825,3822,3822,3823,3822,3819,3816,3813,3809,3807,3805,3803,3798,3791,3787,3784,3781,3781,3781,3779,3775,3771,3766,3761,3756,3752,3748,3742,3737,3732,3725,3721,3717,3714,3715,3708,3701,3696,3693,3692,3689,3681,3676,3675,3673,3675,3665,3661,3658,3650,3642,3640,3641,3641,3640,3637,3634,3635,3633,3627,3622,3621,3622,3622,3624,3625,3627,3625,3622,3617,3614,3612,3611,3607,3604,3604,3604,3601,3598,3597,3598,3598,3597,3602,3616,3628,3633,3634,3636,3641,3646,3648,3647,3651,3655,3654,3648,3644,3639,3633,3623,3613,3603,3591
3076,3084,3092,3099,3105,3110,3116,3120,3119,3117,3117,3120,3124,3128,3133,3136,3141,3145,3149,3153,3157,3162,3169,3180,3193,3202,3211,3218,3227,3235,3239,3241,3240,3239,3239,3242,3248,3255,3265,3276,3288,3303,3313,3322,3332,3342,3350,3359,3368,3376,3387,3397,3406,3415,3424,3435,3446,3457,3470,3480,3489,3499,3508,3514,3516,3512,3505,3500,3493,3486,3480,3474,3466,3454,3440,3427,3418,3408,3399,3392,3391,3395,3402,3411,3419,3427,3436,3448,3461,3469,3477,3487,3500,3510,3520,3530,3541,3548,3555,3562,3570,3577,3582,3588,3595,3603,3610,3616,3626,3635,3642,3649,3656,3661,3667,3674,3685,3700,3710,3716,3723,3733,3739,3744,3747,3747,3748,3750,3753,3755,3757,3760,3765,3770,3776,3786,3797,3804,3807,3806,3808,3814,3817,3819,3821,3823,3826,3828,3830,3829,3828,3825,3821,3819,3820,3821,3820,3816,3813,3813,3811,3809,3806,3801,3795,3790,3787,3784,3780,3780,3779,3778,3774,3769,3764,3760,3756,3751,3746,3740,3737,3734,3729,3725,3723,3721,3717,3710,3704,3698,3694,3695,3693,3688,3687,3685,3685,3688,3687,3682,3677,3668,3659,3657,3658,3661,3659,3654,3653,3654,3652,3646,3640,3638,3635,3635,3637,3638,3640,3639,3635,3631,3628,3626,3624,3622,3619,3619,3618,3618,3617,3618,3621,3621,3617,3623,3636,3643,3650,3656,3656,3657,3659,3657,3656,3659,3661,3660,3655,3649,3642,3634,3626,3616,3606,3593
3072,3078,3083,3090,3095,3101,3107,3111,3110,3109,3110,3114,3118,3122,3128,3133,3137,3140,3145,3148,3151,3156,3165,3176,3187,3195,3203,3211,3219,3225,3228,3229,3230,3231,3233,3240,3246,3252,3262,3273,3287,3302,3310,3316,3325,3336,3344,3353,3361,3372,3385,3394,3402,3413,3424,3435,3447,3456,3471,3484,3493,3500,3510,3517,3519,3517,3510,3505,3499,3490,3481,3475,3467,3455,3443,3431,3422,3414,3404,3396,3394,3398,3405,3414,3422,3431,3441,3455,3468,3477,3484,3494,3506,3516,3525,3536,3548,3554,3562,3569,3576,3582,3587,3592,3599,3606,3613,3619,3629,3639,3646,3654,3660,3664,3672,3680,3689,3705,3715,3720,3727,3739,3744,3747,3751,3751,3749,3751,3754,3759,3763,3767,3771,3774,3779,3788,3799,3808,3813,3811,3811,3816,3820,3822,3823,3825,3827,3828,3829,3829,3827,3822,3820,3820,3821,3821,3819,3814,3811,3811,3811,3808,3803,3796,3792,3789,3785,3782,3779,3778,3778,3776,3772,3767,3764,3761,3758,3752,3746,3741,3739,3736,3734,3732,3730,3725,3720,3715,3710,3701,3697,3699,3698,3696,3699,3699,3698,3700,3700,3695,3689,3682,3674,3671,3669,3671,3669,3667,3667,3667,3667,3660,3655,3653,3648,3646,3646,3647,3648,3648,3646,3645,3642,3637,3635,3634,3632,3632,3632,3632,3635,3642,3647,3644,3639,3643,3653,3658,3662,3671,3671,3671,3666,3660,3659,3663,3665,3663,3659,3653,3645,3635,3626,3618,3608,3597
3070,3074,3075,3080,3086,3093,3098,3102,3103,3104,3107,3112,3117,3122,3127,3133,3136,3138,3141,3144,3147,3152,3161,3172,3182,3189,3196,3204,3210,3214,3217,3219,3223,3225,3229,3237,3244,3251,3262,3275,3287,3299,3305,3309,3317,3330,3339,3349,3358,3371,3384,3393,3401,3414,3426,3437,3449,3458,3470,3483,3493,3500,3510,3518,3523,3523,3518,3510,3503,3494,3484,3476,3467,3457,3445,3434,3426,3417,3408,3398,3396,3401,3408,3417,3427,3437,3447,3460,3474,3483,3490,3500,3510,3519,3530,3542,3552,3559,3567,3574,3580,3586,3591,3597,3603,3608,3615,3621,3632,3644,3651,3657,3665,3671,3679,3687,3694,3707,3718,3725,3732,3741,3746,3750,3754,3754,3751,3749,3752,3759,3765,3769,3772,3775,3780,3789,3799,3808,3814,3812,3813,3818,3823,3823,3823,3826,3829,3830,3830,3830,3828,3823,3821,3821,3822,3821,3819,3813,3808,3808,3810,3806,3798,3791,3788,3786,3782,3780,3778,3777,3776,3774,3771,3768,3764,3761,3758,3753,3748,3744,3741,3738,3737,3737,3735,3726,3722,3720,3714,3706,3703,3705,3705,3707,3711,3711,3710,3708,3703,3698,3696,3691,3687,3683,3679,3677,3676,3678,3680,3681,3678,3671,3666,3663,3660,3658,3657,3657,3657,3658,3658,3657,3654,3648,3646,3646,3646,3647,3646,3649,3658,3666,3671,3667,3661,3662,3675,3682,3681,3683,3684,3684,3675,3667,3666,3669,3668,3666,3662,3656,3650,3640,3629,3621,3612,3602
3070,3074,3074,3077,3083,3088,3091,3096,3100,3104,3109,3114,3119,3126,3132,3138,3139,3139,3140,3141,3145,3151,3159,3170,3178,3184,3190,3198,3202,3205,3208,3211,3215,3220,3225,3232,3241,3251,3263,3274,3284,3293,3299,3305,3312,3325,3337,3349,3359,3371,3384,3393,3403,3416,3427,3438,3451,3462,3471,3481,3492,3502,3512,3520,3527,3528,3522,3513,3505,3497,3488,3479,3469,3460,3447,3436,3429,3419,3409,3400,3399,3405,3413,3423,3432,3443,3453,3464,3478,3487,3495,3505,3515,3524,3534,3546,3555,3563,3572,3578,3584,3588,3595,3602,3607,3610,3617,3624,3637,3650,3654,3660,3670,3680,3688,3695,3701,3709,3720,3730,3736,3742,3746,3750,3754,3754,3750,3747,3750,3758,3765,3768,3770,3774,3781,3789,3798,3807,3813,3814,3816,3821,3824,3823,3822,3826,3830,3832,3832,3831,3829,3825,3823,3822,3822,3822,3819,3812,3805,3806,3808,3804,3793,3786,3785,3784,3781,3780,3777,3775,3774,3773,3771,3769,3764,3759,3757,3754,3750,3747,3743,3741,3738,3738,3736,3728,3725,3723,3720,3715,3713,3714,3714,3717,3721,3720,3718,3714,3707,3706,3705,3701,3697,3695,3691,3686,3687,3690,3690,3690,3687,3681,3675,3671,3669,3669,3669,3669,3668,3667,3667,3665,3662,3658,3657,3658,3661,3661,3661,3667,3677,3684,3689,3688,3683,3685,3697,3704,3702,3698,3699,3699,3691,3683,3677,3677,3674,3671,3665,3659,3653,3646,3635,3624,3615,3604
3073,3077,3079,3081,3084,3087,3090,3095,3102,3110,3115,3120,3126,3133,3139,3145,3145,3144,3144,3143,3145,3151,3160,3169,3173,3178,3186,3193,3197,3201,3205,3208,3211,3217,3222,3229,3239,3251,3261,3270,3278,3287,3296,3303,3310,3322,3335,3349,3360,3371,3383,3393,3404,3419,3430,3440,3453,3465,3474,3483,3493,3506,3517,3525,3529,3529,3524,3516,3507,3498,3491,3483,3472,3462,3449,3439,3431,3420,3409,3403,3404,3409,3417,3426,3435,3446,3458,3469,3481,3492,3501,3510,3521,3530,3540,3549,3558,3568,3577,3583,3589,3593,3598,3605,3611,3614,3620,3630,3641,3651,3657,3665,3674,3687,3695,3703,3709,3714,3723,3731,3736,3741,3744,3747,3751,3752,3748,3747,3750,3757,3765,3767,3768,3772,3779,3788,3796,3804,3811,3813,3816,3821,3823,3822,3822,3825,3830,3833,3832,3831,3830,3827,3824,3823,3823,3821,3818,3812,3805,3805,3805,3800,3790,3784,3785,3784,3782,3781,3777,3774,3772,3772,3771,3769,3763,3758,3756,3755,3752,3749,3747,3744,3739,3737,3735,3733,3730,3728,3727,3726,3725,3726,3722,3722,3725,3726,3725,3722,3718,3718,3717,3713,3707,3707,3702,3699,3700,3701,3699,3698,3695,3690,3686,3680,3677,3678,3679,3678,3677,3674,3673,3670,3668,3665,3665,3666,3670,3673,3673,3679,3688,3695,3704,3707,3706,3709,3713,3716,3717,3715,3714,3712,3708,3701,3691,3687,3685,3679,3672,3662,3656,3650,3638,3626,3617,3606
3077,3082,3086,3089,3091,3093,3095,3100,3108,3116,3121,3127,3134,3140,3145,3149,3153,3154,3152,3148,3146,3151,3160,3167,3170,3174,3181,3188,3194,3198,3203,3207,3210,3215,3221,3228,3240,3252,3260,3268,3275,3285,3296,3303,3310,3320,3333,3348,3360,3372,3384,3393,3406,3421,3433,3443,3455,3466,3477,3487,3496,3509,3522,3529,3531,3530,3528,3520,3512,3502,3493,3484,3475,3465,3454,3442,3433,3424,3412,3405,3408,3413,3422,3430,3439,3451,3464,3474,3485,3496,3506,3515,3525,3535,3545,3553,3561,3572,3580,3586,3593,3598,3600,3606,3612,3619,3626,3634,3643,3651,3660,3668,3676,3689,3699,3707,3713,3717,3725,3729,3732,3736,3739,3741,3745,3747,3747,3747,3749,3755,3762,3765,3767,3770,3775,3785,3792,3799,3806,3809,3813,3818,3821,3822,3823,3826,3830,3833,3832,3830,3830,3828,3826,3824,3823,3819,3817,3813,3809,3807,3804,3797,3790,3785,3786,3786,3783,3782,3777,3773,3771,3772,3771,3768,3763,3760,3758,3756,3753,3750,3747,3745,3740,3737,3737,3737,3735,3731,3731,3734,3735,3734,3728,3725,3728,3730,3731,3731,3731,3729,3727,3723,3718,3715,3712,3712,3711,3711,3709,3707,3704,3700,3695,3688,3685,3685,3684,3684,3684,3681,3678,3675,3673,3672,3671,3672,3678,3681,3681,3687,3694,3704,3717,3724,3726,3730,3731,3731,3733,3733,3729,3725,3720,3714,3704,3698,3695,3689,3680,3667,3661,3654,3642,3628,3620,3609
3084,3089,3094,3099,3101,3103,3103,3107,3113,3119,3125,3132,3138,3143,3149,3156,3162,3164,3162,3155,3148,3150,3158,3166,3170,3174,3179,3185,3190,3194,3199,3205,3209,3215,3222,3229,3241,3253,3261,3267,3274,3285,3295,3304,3311,3322,3335,3348,3362,3376,3387,3398,3410,3422,3433,3445,3457,3468,3480,3491,3500,3513,3527,3532,3534,3533,3530,3525,3517,3508,3497,3486,3477,3469,3459,3445,3436,3429,3419,3412,3412,3418,3427,3436,3445,3458,3470,3479,3489,3500,3510,3520,3530,3539,3548,3556,3566,3576,3583,3588,3595,3600,3604,3608,3615,3622,3627,3633,3642,3651,3660,3669,3676,3688,3698,3707,3713,3716,3722,3727,3727,3727,3730,3734,3737,3740,3741,3742,3744,3750,3757,3761,3765,3767,3773,3781,3787,3793,3800,3805,3812,3818,3822,3825,3826,3828,3830,3832,3831,3831,3829,3827,3826,3824,3821,3816,3816,3817,3815,3811,3802,3795,3791,3788,3787,3787,3784,3782,3777,3772,3772,3772,3771,3768,3765,3763,3760,3757,3753,3749,3746,3745,3742,3741,3740,3741,3737,3734,3733,3735,3738,3739,3733,3729,3732,3734,3735,3739,3739,3737,3734,3730,3725,3719,3718,3718,3717,3717,3716,3714,3712,3709,3702,3695,3693,3692,3690,3689,3690,3688,3685,3681,3679,3678,3678,3680,3686,3688,3690,3695,3701,3712,3727,3733,3740,3749,3753,3750,3748,3745,3740,3734,3729,3721,3710,3703,3700,3695,3685,3674,3666,3659,3647,3632,3622,3613
3092,3097,3103,3109,3111,3112,3111,3113,3117,3123,3129,3136,3142,3148,3154,3162,3168,3171,3169,3161,3152,3151,3156,3163,3170,3173,3178,3182,3186,3191,3196,3203,3210,3217,3224,3231,3243,3253,3260,3267,3274,3285,3296,3306,3313,3324,3336,3348,3362,3378,3391,3403,3414,3423,3435,3448,3460,3470,3482,3493,3504,3518,3530,3535,3537,3536,3534,3529,3522,3514,3503,3489,3479,3472,3462,3448,3440,3433,3426,3421,3418,3423,3433,3444,3451,3463,3474,3483,3491,3501,3512,3522,3532,3541,3549,3559,3571,3581,3587,3592,3597,3604,3610,3615,3619,3623,3626,3633,3642,3651,3660,3670,3679,3686,3695,3704,3710,3714,3717,3721,3720,3720,3721,3725,3728,3729,3731,3734,3739,3745,3751,3755,3760,3764,3771,3777,3781,3786,3793,3802,3812,3818,3826,3830,3832,3833,3832,3832,3832,3831,3829,3827,3825,3823,3818,3813,3816,3820,3819,3811,3800,3795,3794,3791,3789,3787,3784,3782,3777,3772,3771,3772,3771,3768,3765,3763,3761,3756,3751,3747,3744,3744,3743,3742,3742,3743,3740,3737,3735,3735,3741,3744,3740,3737,3739,3741,3741,3741,3742,3743,3740,3735,3728,3723,3723,3723,3722,3720,3718,3717,3717,3715,3709,3702,3699,3698,3695,3692,3694,3694,3691,3688,3686,3684,3684,3687,3691,3694,3698,3705,3712,3723,3736,3742,3753,3764,3770,3768,3761,3752,3746,3742,3735,3728,3717,3709,3704,3700,3690,3680,3672,3664,3651,3636,3625,3617
3097,3101,3106,3112,3117,3120,3121,3123,3127,3132,3135,3141,3147,3155,3160,3167,3172,3175,3175,3168,3158,3154,3157,3161,3168,3172,3176,3180,3183,3189,3197,3205,3213,3219,3225,3233,3243,3252,3256,3265,3275,3287,3298,3307,3315,3325,3338,3350,3363,3380,3392,3405,3416,3425,3437,3451,3461,3471,3483,3494,3508,3521,3531,3536,3539,3540,3539,3534,3527,3519,3509,3496,3485,3476,3464,3452,3445,3436,3429,3425,3423,3428,3439,3449,3455,3465,3474,3482,3491,3500,3514,3524,3534,3542,3550,3560,3571,3581,3590,3595,3601,3610,3618,3622,3623,3624,3629,3637,3645,3651,3659,3670,3680,3686,3693,3700,3707,3711,3712,3713,3712,3712,3713,3717,3721,3721,3722,3726,3733,3740,3744,3746,3752,3758,3765,3772,3776,3781,3789,3800,3810,3818,3827,3835,3838,3838,3835,3832,3831,3830,3828,3825,3823,3821,3817,3814,3818,3819,3816,3807,3799,3797,3796,3794,3790,3787,3784,3783,3777,3773,3771,3771,3771,3768,3763,3761,3759,3753,3749,3746,3744,3742,3741,3740,3741,3743,3741,3739,3738,3741,3746,3748,3747,3745,3748,3750,3750,3745,3745,3750,3747,3739,3732,3729,3727,3728,3727,3722,3721,3720,3719,3715,3712,3706,3703,3700,3697,3695,3696,3699,3696,3694,3692,3692,3691,3691,3695,3699,3704,3713,3721,3734,3745,3752,3763,3773,3782,3782,3772,3761,3753,3748,3740,3735,3728,3718,3712,3706,3697,3684,3675,3668,3656,3642,3632,3622
3100,3104,3109,3116,3124,3129,3131,3134,3138,3140,3143,3148,3155,3161,3166,3172,3176,3179,3179,3172,3163,3159,3160,3164,3168,3172,3176,3179,3184,3194,3203,3210,3216,3222,3228,3234,3243,3249,3254,3264,3275,3288,3299,3307,3315,3326,3341,3355,3368,3383,3393,3404,3415,3424,3435,3448,3459,3470,3484,3495,3508,3521,3530,3537,3542,3545,3544,3538,3531,3522,3513,3501,3490,3480,3466,3454,3447,3438,3430,3425,3425,3431,3441,3450,3457,3465,3473,3482,3493,3504,3515,3527,3536,3544,3552,3561,3570,3580,3590,3597,3605,3612,3619,3625,3624,3626,3631,3639,3647,3653,3660,3668,3677,3684,3689,3695,3703,3706,3704,3702,3701,3702,3704,3709,3714,3714,3715,3719,3724,3731,3735,3739,3745,3753,3760,3765,3771,3779,3788,3798,3808,3817,3827,3837,3841,3841,3836,3830,3828,3828,3826,3822,3820,3819,3816,3813,3817,3817,3812,3805,3801,3799,3798,3795,3790,3787,3785,3783,3778,3772,3771,3772,3771,3767,3761,3759,3758,3753,3749,3746,3743,3740,3739,3738,3737,3738,3738,3738,3738,3743,3748,3750,3751,3753,3755,3758,3759,3756,3753,3754,3752,3746,3741,3738,3734,3732,3731,3727,3725,3725,3722,3717,3714,3709,3704,3700,3698,3697,3697,3698,3698,3696,3696,3698,3698,3696,3701,3705,3710,3718,3728,3740,3752,3762,3769,3776,3786,3790,3783,3770,3760,3752,3746,3744,3738,3728,3718,3711,3701,3687,3677,3669,3659,3649,3639,3627
3106,3110,3115,3124,3133,3138,3141,3146,3148,3149,3151,3159,3165,3168,3172,3176,3179,3183,3181,3175,3169,3165,3165,3168,3172,3176,3180,3184,3190,3198,3206,3212,3219,3225,3230,3236,3242,3248,3254,3265,3276,3289,3298,3306,3316,3330,3343,3357,3369,3382,3393,3402,3412,3424,3433,3444,3456,3468,3483,3493,3505,3519,3530,3538,3544,3547,3545,3540,3534,3527,3517,3506,3494,3483,3470,3457,3450,3442,3433,3426,3426,3433,3441,3449,3457,3465,3473,3487,3499,3508,3518,3530,3541,3547,3555,3561,3569,3580,3589,3597,3604,3610,3617,3624,3625,3626,3631,3638,3646,3651,3656,3664,3672,3679,3684,3691,3697,3698,3697,3694,3692,3693,3697,3700,3704,3707,3708,3712,3716,3721,3728,3733,3740,3750,3758,3762,3768,3778,3788,3796,3806,3817,3828,3838,3843,3843,3837,3829,3827,3826,3824,3819,3816,3816,3812,3808,3811,3812,3809,3804,3799,3798,3798,3794,3789,3788,3789,3786,3779,3773,3772,3772,3770,3766,3761,3760,3757,3752,3748,3744,3742,3739,3737,3734,3732,3732,3735,3736,3738,3743,3747,3752,3756,3759,3762,3765,3766,3769,3764,3761,3758,3756,3750,3746,3740,3735,3734,3732,3731,3729,3724,3718,3715,3710,3705,3700,3696,3695,3696,3696,3695,3696,3698,3701,3702,3701,3706,3713,3716,3723,3733,3746,3760,3770,3776,3780,3789,3795,3791,3778,3767,3760,3754,3751,3744,3733,3723,3713,3704,3689,3679,3673,3665,3654,3642,3632
3116,3119,3124,3132,3140,3143,3148,3156,3161,3161,3161,3167,3171,3174,3179,3181,3182,3184,3184,3180,3175,3171,3169,3172,3176,3180,3185,3192,3198,3204,3211,3217,3222,3227,3234,3238,3244,3250,3256,3265,3277,3287,3296,3306,3319,3334,3344,3357,3365,3378,3390,3399,3410,3423,3433,3444,3453,3463,3477,3489,3500,3514,3524,3532,3540,3545,3545,3542,3538,3532,3522,3511,3498,3486,3473,3462,3455,3447,3438,3431,3430,3436,3442,3449,3457,3467,3478,3491,3501,3511,3521,3533,3543,3549,3556,3561,3569,3579,3590,3597,3602,3607,3613,3620,3622,3625,3629,3634,3640,3645,3650,3658,3665,3672,3679,3685,3690,3691,3690,3689,3688,3690,3693,3694,3697,3700,3702,3705,3710,3717,3724,3729,3737,3747,3756,3761,3768,3777,3787,3796,3805,3816,3828,3839,3844,3844,3838,3832,3828,3822,3818,3814,3812,3808,3805,3801,3804,3807,3804,3801,3795,3793,3793,3791,3788,3789,3789,3788,3781,3777,3775,3772,3768,3764,3760,3758,3755,3749,3744,3741,3738,3737,3735,3730,3728,3729,3731,3733,3736,3742,3749,3755,3759,3765,3769,3767,3769,3774,3772,3768,3765,3761,3752,3747,3743,3739,3737,3736,3734,3730,3723,3716,3711,3707,3703,3699,3695,3694,3695,3696,3694,3696,3697,3700,3701,3703,3710,3717,3719,3727,3739,3752,3765,3774,3780,3785,3793,3796,3794,3783,3773,3767,3760,3755,3746,3736,3729,3720,3710,3698,3686,3679,3672,3658,3646,3636
3121,3126,3129,3137,3146,3152,3157,3163,3170,3173,3175,3177,3179,3183,3186,3187,3187,3187,3186,3184,3181,3177,3176,3178,3181,3185,3189,3196,3205,3212,3219,3225,3227,3232,3236,3241,3247,3254,3259,3267,3277,3287,3295,3307,3320,3332,3343,3355,3364,3372,3385,3396,3405,3416,3428,3439,3450,3458,3471,3484,3495,3508,3518,3525,3532,3539,3541,3541,3540,3535,3527,3516,3505,3491,3478,3466,3459,3452,3445,3435,3432,3436,3443,3449,3459,3470,3481,3493,3503,3511,3522,3534,3543,3551,3557,3561,3569,3580,3589,3595,3599,3603,3608,3613,3614,3616,3623,3629,3632,3638,3644,3651,3660,3668,3673,3677,3680,3681,3683,3684,3684,3685,3687,3689,3691,3693,3697,3701,3706,3715,3722,3727,3734,3743,3750,3756,3764,3774,3784,3793,3804,3815,3829,3840,3843,3841,3836,3834,3826,3817,3810,3807,3804,3799,3794,3793,3794,3796,3799,3796,3795,3793,3792,3791,3791,3790,3789,3789,3782,3778,3776,3771,3766,3761,3758,3755,3749,3743,3740,3739,3737,3735,3734,3730,3727,3727,3727,3729,3733,3742,3747,3752,3757,3768,3773,3773,3772,3774,3773,3770,3767,3763,3754,3748,3748,3746,3743,3738,3733,3730,3721,3712,3707,3704,3702,3698,3693,3692,3694,3695,3693,3694,3695,3696,3698,3700,3708,3717,3721,3728,3741,3754,3765,3774,3780,3789,3795,3797,3795,3789,3779,3771,3765,3760,3752,3742,3734,3723,3713,3705,3697,3686,3676,3663,3650,3639
3122,3129,3134,3144,3153,3159,3164,3172,3178,3184,3187,3188,3190,3192,3192,3193,3192,3191,3190,3188,3188,3184,3183,3182,3185,3189,3195,3204,3212,3219,3227,3231,3233,3236,3241,3245,3251,3257,3263,3270,3277,3288,3297,3307,3319,3330,3340,3351,3360,3370,3381,3391,3401,3410,3421,3432,3445,3454,3467,3479,3490,3502,3512,3518,3524,3531,3536,3537,3539,3538,3530,3520,3509,3498,3484,3473,3465,3457,3451,3442,3436,3437,3444,3452,3462,3472,3481,3491,3501,3512,3521,3532,3542,3550,3556,3562,3570,3578,3585,3591,3596,3599,3602,3604,3605,3610,3616,3621,3626,3631,3637,3645,3653,3662,3666,3669,3672,3675,3676,3678,3678,3678,3681,3686,3688,3689,3693,3697,3704,3712,3719,3723,3729,3737,3745,3752,3760,3770,3781,3793,3801,3812,3824,3835,3837,3835,3832,3829,3822,3811,3803,3797,3794,3789,3786,3784,3783,3785,3788,3788,3791,3791,3792,3795,3794,3791,3789,3789,3785,3776,3774,3772,3764,3757,3753,3750,3744,3740,3737,3737,3736,3734,3733,3730,3726,3723,3724,3727,3733,3740,3746,3751,3759,3768,3775,3777,3775,3773,3769,3766,3764,3761,3757,3752,3751,3749,3743,3738,3733,3728,3719,3710,3705,3701,3696,3695,3691,3690,3691,3691,3691,3692,3693,3693,3696,3697,3702,3715,3722,3729,3740,3753,3764,3774,3783,3791,3795,3796,3794,3791,3783,3772,3765,3761,3753,3743,3733,3723,3712,3704,3698,3686,3674,3664,3653,3642
3123,3133,3141,3149,3157,3164,3171,3179,3184,3190,3195,3196,3197,3199,3201,3200,3199,3198,3196,3194,3192,3190,3187,3185,3188,3194,3201,3209,3217,3223,3229,3234,3239,3243,3248,3252,3256,3261,3265,3270,3278,3289,3297,3306,3317,3328,3337,3346,3356,3367,3378,3387,3399,3407,3418,3428,3439,3451,3462,3473,3485,3495,3504,3512,3520,3525,3531,3534,3535,3535,3528,3521,3510,3500,3488,3477,3472,3465,3457,3449,3441,3440,3444,3453,3462,3472,3481,3491,3501,3511,3520,3530,3539,3547,3555,3562,3571,3576,3581,3585,3590,3592,3594,3596,3598,3602,3606,3611,3616,3622,3629,3637,3642,3649,3653,3659,3662,3666,3668,3669,3671,3675,3680,3684,3685,3687,3691,3695,3702,3709,3716,3721,3727,3735,3744,3750,3758,3769,3781,3793,3801,3809,3819,3826,3827,3824,3820,3816,3811,3804,3795,3786,3778,3773,3772,3772,3772,3774,3773,3773,3779,3784,3789,3795,3795,3789,3788,3788,3780,3773,3771,3769,3762,3753,3748,3744,3739,3737,3735,3733,3731,3731,3731,3728,3723,3720,3721,3726,3732,3740,3746,3752,3760,3768,3772,3774,3771,3768,3764,3762,3760,3758,3755,3751,3748,3747,3744,3738,3733,3726,3717,3709,3704,3698,3692,3689,3687,3685,3686,3686,3686,3687,3686,3690,3694,3696,3701,3710,3721,3730,3740,3752,3762,3772,3783,3793,3796,3794,3793,3790,3783,3774,3767,3760,3752,3744,3734,3725,3714,3704,3698,3688,3678,3667,3655,3645
3128,3138,3145,3152,3160,3169,3177,3185,3192,3199,3205,3206,3209,3210,3210,3208,3206,3205,3202,3199,3195,3192,3189,3188,3192,3195,3200,3209,3217,3223,3231,3238,3244,3250,3253,3256,3259,3263,3268,3273,3282,3292,3300,3308,3316,3328,3333,3341,3354,3367,3373,3382,3394,3405,3415,3425,3435,3446,3458,3468,3479,3488,3495,3504,3513,3518,3522,3526,3528,3528,3526,3520,3512,3503,3493,3482,3477,3470,3462,3454,3450,3447,3449,3454,3460,3469,3480,3486,3497,3506,3515,3524,3536,3543,3548,3556,3569,3573,3573,3574,3579,3580,3584,3588,3591,3595,3598,3602,3605,3612,3619,3626,3630,3633,3637,3643,3651,3655,3657,3660,3666,3671,3676,3680,3681,3682,3686,3693,3700,3705,3713,3719,3726,3734,3744,3750,3758,3767,3776,3789,3800,3808,3816,3819,3817,3812,3807,3802,3798,3793,3782,3769,3760,3755,3753,3753,3754,3756,3758,3760,3767,3773,3780,3784,3784,3784,3783,3782,3776,3771,3770,3768,3762,3755,3749,3742,3738,3735,3733,3730,3727,3725,3723,3720,3717,3718,3720,3723,3726,3735,3743,3750,3758,3763,3766,3767,3765,3759,3756,3757,3755,3754,3750,3747,3745,3742,3741,3737,3733,3727,3719,3712,3701,3693,3687,3683,3680,3677,3678,3679,3680,3682,3684,3686,3690,3695,3699,3705,3716,3731,3740,3749,3758,3767,3778,3788,3794,3795,3793,3790,3785,3780,3772,3764,3755,3746,3736,3729,3721,3712,3699,3690,3680,3669,3660,3650
3133,3143,3149,3154,3162,3170,3179,3191,3198,3206,3214,3219,3223,3223,3221,3219,3216,3215,3211,3204,3197,3191,3191,3193,3196,3198,3201,3209,3218,3227,3235,3242,3248,3254,3258,3260,3263,3268,3273,3278,3284,3291,3301,3310,3318,3327,3333,3342,3355,3364,3372,3379,3390,3402,3414,3423,3432,3443,3453,3462,3470,3479,3488,3496,3503,3507,3510,3516,3520,3521,3522,3520,3514,3509,3500,3488,3481,3474,3466,3460,3456,3452,3451,3455,3459,3467,3477,3485,3497,3506,3513,3522,3533,3540,3545,3552,3562,3566,3566,3566,3569,3571,3575,3580,3584,3587,3592,3595,3597,3603,3609,3615,3618,3621,3627,3634,3639,3646,3650,3652,3658,3664,3671,3677,3680,3681,3686,3693,3698,3702,3711,3719,3726,3734,3742,3749,3759,3766,3773,3783,3797,3805,3811,3811,3807,3802,3795,3789,3784,3780,3773,3762,3750,3742,3737,3734,3732,3736,3741,3746,3753,3760,3767,3772,3774,3776,3776,3775,3772,3769,3766,3764,3759,3753,3748,3744,3739,3735,3731,3728,3723,3718,3715,3711,3709,3713,3714,3717,3723,3732,3739,3747,3754,3759,3759,3759,3756,3751,3748,3748,3748,3748,3746,3744,3741,3738,3738,3733,3730,3727,3723,3716,3703,3691,3683,3678,3672,3670,3670,3673,3675,3679,3682,3684,3689,3694,3698,3704,3714,3726,3736,3745,3755,3763,3770,3779,3790,3794,3794,3793,3789,3784,3777,3766,3755,3745,3737,3731,3727,3716,3701,3690,3683,3671,3660,3649
3137,3143,3149,3156,3164,3172,3179,3191,3202,3211,3221,3227,3231,3231,3229,3226,3223,3222,3217,3208,3200,3195,3194,3196,3200,3202,3205,3212,3221,3230,3238,3245,3252,3258,3263,3266,3270,3274,3278,3281,3287,3292,3300,3310,3316,3325,3333,3343,3353,3363,3372,3379,3389,3400,3412,3421,3429,3441,3451,3457,3464,3471,3481,3487,3491,3493,3497,3504,3512,3516,3518,3518,3517,3515,3506,3494,3484,3478,3471,3464,3457,3451,3450,3455,3459,3466,3474,3482,3493,3503,3511,3519,3529,3536,3542,3547,3553,3556,3558,3560,3563,3566,3571,3574,3577,3582,3586,3588,3591,3595,3602,3606,3609,3615,3623,3629,3633,3639,3640,3646,3654,3660,3665,3672,3677,3679,3686,3693,3696,3701,3709,3718,3725,3731,3740,3745,3754,3762,3769,3779,3790,3798,3801,3801,3797,3788,3779,3775,3773,3768,3757,3747,3737,3729,3721,3717,3718,3721,3726,3734,3741,3748,3755,3762,3767,3768,3771,3771,3770,3767,3763,3760,3758,3752,3747,3743,3737,3731,3728,3724,3718,3711,3708,3706,3704,3706,3708,3711,3717,3727,3733,3740,3746,3751,3750,3750,3748,3744,3742,3741,3739,3739,3737,3735,3734,3733,3733,3732,3729,3726,3722,3715,3704,3691,3682,3674,3667,3662,3663,3664,3667,3674,3679,3682,3686,3692,3696,3700,3707,3717,3730,3739,3751,3760,3765,3772,3784,3792,3793,3793,3790,3786,3778,3767,3753,3742,3737,3733,3726,3715,3702,3692,3685,3674,3661,3647
3137,3143,3150,3158,3167,3175,3184,3195,3206,3215,3225,3232,3237,3238,3233,3229,3226,3225,3221,3213,3204,3200,3199,3201,3205,3208,3210,3216,3224,3232,3240,3246,3255,3261,3267,3272,3276,3279,3280,3283,3288,3294,3301,3309,3317,3326,3332,3341,3350,3360,3369,3377,3386,3398,3410,3419,3427,3437,3445,3451,3458,3465,3472,3478,3482,3485,3489,3497,3506,3512,3515,3519,3519,3517,3511,3498,3488,3480,3473,3466,3459,3453,3451,3455,3459,3463,3469,3478,3488,3499,3507,3516,3524,3531,3536,3541,3545,3549,3551,3553,3559,3562,3566,3568,3572,3578,3582,3585,3587,3593,3600,3604,3605,3613,3621,3628,3633,3637,3641,3647,3656,3659,3664,3670,3675,3678,3685,3691,3693,3698,3706,3713,3719,3728,3736,3742,3749,3755,3765,3775,3784,3791,3793,3791,3782,3772,3765,3761,3757,3750,3742,3735,3728,3719,3709,3705,3706,3709,3713,3721,3730,3735,3742,3751,3760,3765,3768,3769,3770,3766,3761,3759,3757,3753,3746,3739,3732,3729,3726,3721,3714,3705,3700,3696,3695,3698,3701,3706,3714,3722,3727,3731,3736,3741,3743,3743,3740,3737,3736,3733,3728,3725,3724,3724,3724,3727,3732,3730,3726,3724,3720,3712,3703,3691,3678,3670,3662,3657,3655,3656,3660,3666,3673,3678,3681,3686,3689,3693,3703,3714,3724,3732,3743,3753,3758,3764,3776,3786,3790,3792,3789,3783,3777,3769,3759,3748,3741,3735,3728,3717,3705,3695,3688,3676,3661,3649
3139,3144,3150,3159,3168,3176,3186,3199,3209,3217,3227,3238,3245,3246,3241,3234,3230,3228,3225,3216,3209,3205,3204,3205,3209,3212,3216,3220,3226,3233,3241,3246,3253,3262,3269,3277,3282,3283,3285,3289,3294,3298,3304,3312,3320,3327,3332,3339,3348,3357,3365,3373,3384,3394,3406,3415,3422,3429,3438,3445,3452,3457,3465,3470,3474,3478,3484,3492,3500,3507,3512,3518,3519,3518,3513,3502,3492,3483,3475,3468,3462,3457,3455,3457,3458,3461,3467,3475,3484,3494,3502,3510,3519,3526,3530,3534,3540,3544,3545,3548,3552,3556,3560,3564,3568,3572,3578,3582,3587,3594,3599,3602,3604,3611,3619,3624,3631,3637,3642,3648,3655,3659,3663,3669,3676,3682,3687,3689,3691,3695,3702,3707,3714,3724,3734,3741,3745,3752,3763,3773,3779,3784,3784,3778,3769,3760,3753,3748,3745,3739,3733,3728,3721,3709,3699,3695,3694,3698,3703,3710,3719,3725,3731,3742,3755,3760,3762,3765,3767,3764,3759,3757,3754,3750,3741,3733,3730,3726,3721,3717,3711,3700,3693,3689,3689,3692,3696,3702,3708,3717,3722,3726,3729,3733,3737,3737,3734,3729,3725,3721,3717,3715,3715,3715,3717,3721,3728,3727,3724,3723,3719,3709,3700,3690,3678,3669,3660,3653,3649,3649,3652,3659,3665,3670,3673,3677,3682,3689,3698,3709,3719,3727,3739,3746,3751,3759,3769,3780,3786,3788,3787,3783,3778,3773,3763,3755,3747,3737,3728,3722,3708,3695,3688,3676,3660,3649
3141,3146,3152,3159,3168,3177,3188,3201,3210,3218,3229,3240,3250,3253,3248,3242,3237,3233,3229,3222,3214,3211,3209,3209,3212,3217,3221,3226,3231,3236,3242,3248,3254,3260,3269,3278,3285,3288,3292,3297,3302,3306,3311,3318,3325,3331,3334,3342,3349,3356,3361,3371,3380,3389,3401,3410,3415,3422,3431,3437,3442,3448,3457,3462,3466,3471,3479,3488,3497,3504,3510,3517,3519,3519,3514,3505,3496,3488,3481,3474,3467,3464,3461,3460,3461,3463,3468,3475,3480,3489,3497,3505,3513,3520,3524,3530,3536,3539,3541,3544,3549,3552,3557,3562,3566,3570,3574,3579,3584,3590,3595,3600,3604,3609,3616,3622,3628,3634,3638,3645,3652,3657,3660,3666,3673,3680,3684,3686,3689,3692,3697,3704,3712,3721,3732,3740,3744,3751,3763,3768,3773,3777,3775,3767,3758,3750,3741,3738,3734,3729,3725,3721,3712,3701,3690,3684,3685,3689,3695,3700,3709,3718,3726,3736,3746,3752,3755,3758,3762,3760,3756,3755,3752,3746,3737,3730,3727,3721,3715,3710,3705,3695,3689,3685,3682,3688,3693,3696,3702,3709,3714,3719,3723,3725,3727,3726,3723,3719,3714,3709,3706,3705,3706,3709,3712,3717,3723,3724,3723,3722,3717,3708,3700,3688,3676,3668,3660,3651,3645,3640,3644,3650,3655,3660,3664,3669,3676,3684,3692,3702,3713,3722,3731,3738,3745,3755,3765,3774,3780,3784,3784,3781,3778,3771,3763,3754,3745,3735,3726,3719,3707,3693,3687,3673,3658,3649
3142,3147,3152,3160,3169,3180,3191,3201,3209,3218,3228,3239,3250,3256,3253,3246,3242,3238,3232,3226,3219,3215,3214,3213,3216,3220,3225,3232,3237,3241,3246,3251,3255,3260,3268,3276,3285,3291,3296,3301,3306,3311,3317,3322,3328,3332,3337,3345,3352,3360,3363,3370,3378,3386,3394,3402,3408,3413,3420,3425,3429,3436,3447,3454,3459,3464,3473,3483,3493,3501,3510,3517,3519,3517,3512,3505,3497,3491,3485,3479,3474,3470,3468,3466,3466,3467,3470,3475,3480,3487,3494,3501,3509,3515,3520,3527,3533,3536,3537,3542,3547,3551,3556,3561,3567,3570,3573,3575,3579,3587,3594,3599,3603,3608,3615,3621,3626,3632,3637,3642,3649,3653,3658,3664,3671,3674,3678,3683,3687,3690,3694,3702,3710,3718,3728,3737,3743,3752,3760,3764,3767,3770,3766,3756,3749,3741,3732,3726,3722,3717,3712,3708,3701,3691,3681,3675,3674,3678,3684,3689,3698,3708,3718,3727,3736,3744,3747,3751,3754,3753,3752,3752,3749,3743,3736,3731,3723,3716,3710,3704,3697,3690,3684,3678,3675,3682,3687,3691,3696,3700,3704,3710,3716,3718,3717,3714,3713,3709,3703,3697,3695,3693,3697,3702,3709,3714,3719,3722,3721,3720,3714,3706,3701,3692,3678,3669,3660,3651,3643,3634,3634,3639,3646,3651,3655,3659,3668,3677,3685,3694,3704,3715,3723,3730,3739,3748,3758,3766,3772,3776,3778,3777,3773,3767,3759,3752,3743,3730,3721,3712,3703,3693,3683,3669,3659,3649
3142,3146,3151,3160,3170,3180,3189,3198,3207,3217,3227,3237,3249,3257,3257,3253,3247,3240,3234,3228,3222,3218,3218,3218,3220,3223,3228,3234,3239,3245,3250,3254,3259,3265,3271,3276,3284,3292,3298,3302,3307,3314,3321,3326,3329,3334,3341,3348,3357,3363,3366,3370,3377,3382,3386,3391,3397,3403,3410,3415,3420,3426,3436,3444,3451,3460,3470,3479,3488,3498,3507,3513,3515,3512,3508,3502,3498,3493,3488,3484,3480,3476,3474,3472,3471,3472,3474,3477,3481,3486,3492,3499,3506,3511,3517,3523,3530,3533,3535,3538,3543,3548,3553,3558,3563,3568,3572,3575,3578,3586,3594,3599,3602,3607,3615,3620,3624,3630,3636,3640,3645,3651,3656,3664,3670,3671,3674,3678,3683,3687,3693,3701,3708,3716,3725,3735,3742,3750,3757,3761,3762,3761,3754,3744,3738,3731,3721,3713,3708,3705,3700,3696,3691,3683,3673,3665,3664,3669,3675,3681,3688,3697,3708,3716,3725,3733,3736,3740,3744,3746,3747,3748,3745,3740,3734,3729,3720,3712,3705,3697,3690,3684,3679,3672,3669,3675,3680,3684,3687,3692,3697,3703,3707,3708,3708,3707,3705,3702,3695,3690,3686,3686,3690,3696,3704,3708,3713,3716,3715,3714,3711,3706,3704,3699,3686,3671,3662,3651,3639,3630,3625,3627,3634,3642,3646,3648,3657,3669,3678,3687,3695,3707,3716,3723,3732,3741,3749,3757,3762,3766,3770,3770,3766,3762,3755,3747,3737,3727,3717,3708,3699,3691,3679,3666,3657,3647
3143,3146,3151,3160,3170,3179,3187,3196,3206,3217,3228,3239,3249,3257,3260,3257,3249,3242,3235,3229,3224,3221,3220,3220,3220,3223,3228,3234,3240,3246,3251,3255,3261,3268,3274,3279,3284,3293,3300,3305,3311,3318,3324,3329,3333,3339,3346,3353,3360,3365,3368,3372,3375,3377,3378,3382,3388,3395,3402,3408,3415,3420,3427,3435,3443,3455,3467,3476,3485,3494,3502,3507,3508,3506,3502,3499,3496,3495,3492,3488,3483,3481,3479,3477,3475,3476,3478,3481,3483,3487,3493,3500,3505,3509,3514,3518,3524,3530,3533,3536,3541,3548,3552,3556,3560,3564,3570,3573,3577,3584,3591,3597,3600,3606,3614,3618,3619,3627,3635,3639,3645,3650,3654,3661,3668,3670,3671,3674,3677,3683,3692,3700,3707,3714,3723,3731,3737,3744,3753,3757,3755,3750,3743,3735,3729,3721,3710,3702,3696,3693,3691,3687,3681,3673,3664,3654,3653,3659,3669,3674,3679,3687,3698,3707,3715,3722,3727,3732,3739,3741,3742,3741,3738,3734,3730,3725,3717,3710,3702,3692,3683,3679,3674,3666,3664,3669,3673,3677,3680,3683,3689,3694,3697,3698,3699,3699,3699,3695,3688,3684,3680,3680,3685,3690,3696,3700,3706,3709,3708,3708,3706,3702,3703,3701,3688,3674,3666,3654,3637,3626,3618,3616,3620,3628,3634,3637,3644,3658,3669,3678,3688,3699,3708,3715,3725,3733,3739,3745,3751,3756,3761,3761,3759,3756,3748,3740,3733,3725,3715,3702,3694,3685,3676,3664,3652,3639
3145,3147,3152,3162,3170,3178,3186,3197,3208,3220,3229,3238,3247,3255,3258,3256,3249,3242,3235,3228,3225,3224,3223,3222,3221,3224,3229,3234,3240,3246,3252,3257,3261,3268,3276,3282,3285,3294,3302,3308,3315,3321,3326,3332,3338,3344,3350,3355,3360,3364,3367,3369,3370,3370,3371,3374,3379,3386,3393,3400,3407,3413,3420,3427,3436,3449,3461,3472,3482,3489,3496,3500,3501,3499,3496,3495,3494,3495,3494,3491,3486,3485,3484,3482,3480,3481,3483,3485,3488,3491,3496,3501,3506,3509,3512,3515,3518,3525,3532,3538,3544,3550,3555,3557,3559,3562,3569,3573,3577,3583,3589,3594,3599,3607,3613,3615,3617,3626,3634,3640,3646,3651,3653,3657,3665,3668,3670,3672,3675,3680,3689,3699,3705,3712,3720,3727,3732,3740,3749,3753,3750,3740,3734,3727,3719,3710,3701,3691,3683,3680,3678,3673,3668,3661,3652,3643,3642,3648,3658,3666,3671,3679,3690,3700,3708,3715,3721,3727,3734,3737,3736,3735,3733,3730,3727,3723,3715,3708,3702,3691,3680,3674,3666,3660,3659,3664,3668,3671,3673,3675,3680,3685,3690,3691,3691,3691,3689,3686,3682,3677,3675,3674,3677,3682,3687,3693,3698,3701,3701,3701,3701,3697,3696,3695,3686,3676,3668,3654,3636,3621,3612,3608,3609,3615,3623,3628,3635,3647,3659,3669,3681,3691,3700,3706,3715,3725,3730,3735,3741,3746,3751,3752,3751,3749,3741,3734,3729,3722,3710,3696,3688,3680,3673,3660,3643,3632
3148,3148,3154,3163,3169,3176,3184,3197,3209,3220,3229,3236,3244,3251,3255,3253,3247,3240,3234,3228,3226,3224,3224,3224,3224,3224,3227,3232,3237,3242,3249,3256,3260,3267,3276,3282,3287,3296,3304,3310,3318,3325,3328,3334,3340,3347,3351,3354,3356,3360,3362,3362,3362,3362,3363,3366,3370,3377,3384,3389,3397,3406,3415,3423,3433,3444,3456,3467,3477,3484,3490,3494,3495,3493,3491,3489,3491,3493,3495,3494,3490,3490,3490,3489,3487,3487,3489,3490,3493,3495,3499,3504,3509,3513,3515,3518,3522,3528,3536,3541,3545,3551,3556,3559,3559,3564,3572,3576,3578,3583,3589,3593,3598,3606,3612,3614,3617,3626,3634,3639,3646,3651,3653,3656,3663,3668,3669,3671,3675,3679,3687,3696,3703,3709,3717,3725,3731,3738,3746,3749,3744,3733,3726,3719,3709,3699,3691,3680,3672,3667,3663,3658,3655,3650,3640,3633,3632,3637,3646,3655,3664,3672,3682,3691,3698,3706,3715,3722,3729,3731,3730,3731,3730,3728,3723,3719,3710,3704,3699,3693,3682,3670,3662,3656,3654,3658,3662,3665,3667,3668,3671,3678,3684,3685,3684,3683,3682,3679,3676,3671,3667,3666,3669,3673,3679,3686,3689,3691,3692,3693,3694,3692,3689,3687,3680,3670,3663,3648,3631,3618,3609,3601,3598,3603,3611,3618,3628,3638,3651,3662,3673,3682,3692,3699,3706,3716,3723,3727,3731,3736,3741,3743,3744,3742,3737,3730,3724,3717,3706,3694,3685,3676,3669,3655,3640,3632
3148,3149,3154,3162,3168,3175,3184,3195,3206,3216,3225,3231,3238,3245,3249,3248,3243,3236,3231,3227,3225,3224,3224,3224,3223,3221,3222,3226,3230,3234,3243,3252,3258,3265,3273,3282,3288,3296,3303,3309,3318,3325,3329,3334,3340,3346,3349,3350,3350,3353,3354,3354,3354,3355,3356,3358,3363,3369,3375,3380,3389,3400,3411,3420,3431,3442,3455,3464,3471,3479,3484,3487,3487,3486,3484,3485,3489,3494,3497,3497,3496,3496,3497,3497,3494,3494,3494,3495,3497,3500,3503,3507,3513,3517,3520,3524,3530,3535,3541,3544,3548,3553,3556,3560,3562,3567,3574,3576,3578,3583,3589,3594,3598,3605,3611,3614,3618,3625,3633,3639,3645,3650,3654,3657,3662,3667,3669,3671,3675,3680,3687,3695,3700,3707,3716,3726,3734,3739,3744,3744,3738,3728,3719,3712,3700,3689,3681,3671,3663,3656,3651,3647,3644,3638,3629,3623,3622,3629,3638,3645,3653,3662,3671,3679,3686,3695,3705,3714,3720,3722,3724,3725,3726,3723,3718,3713,3705,3698,3694,3690,3681,3668,3660,3653,3649,3651,3655,3657,3660,3661,3665,3670,3675,3678,3678,3677,3677,3674,3669,3663,3660,3658,3662,3667,3673,3678,3681,3682,3683,3684,3685,3685,3682,3679,3671,3662,3654,3641,3624,3613,3605,3596,3590,3593,3600,3608,3618,3630,3643,3654,3664,3674,3685,3693,3698,3706,3714,3717,3721,3726,3730,3732,3736,3736,3731,3725,3719,3712,3703,3692,3684,3675,3667,3655,3645,3637
3147,3150,3154,3160,3167,3175,3182,3191,3201,3210,3217,3224,3231,3239,3242,3242,3236,3230,3226,3225,3224,3223,3222,3219,3216,3215,3216,3218,3223,3228,3235,3244,3253,3261,3269,3279,3287,3294,3300,3307,3315,3323,3328,3334,3339,3343,3344,3343,3343,3345,3344,3343,3345,3346,3347,3351,3356,3361,3367,3374,3384,3396,3409,3419,3430,3441,3454,3461,3466,3473,3477,3480,3480,3480,3479,3483,3489,3495,3499,3502,3503,3502,3504,3503,3501,3499,3499,3500,3504,3507,3509,3511,3515,3520,3524,3528,3536,3540,3544,3547,3551,3556,3559,3563,3566,3571,3575,3577,3579,3585,3590,3596,3600,3604,3610,3615,3620,3625,3633,3639,3644,3649,3654,3656,3661,3666,3667,3670,3674,3680,3687,3692,3696,3703,3715,3725,3733,3736,3738,3737,3731,3722,3713,3704,3694,3682,3672,3662,3655,3649,3643,3638,3634,3628,3620,3614,3614,3619,3630,3637,3643,3650,3659,3667,3675,3683,3693,3700,3707,3712,3716,3719,3720,3717,3712,3707,3701,3694,3688,3682,3675,3665,3655,3648,3645,3646,3647,3647,3651,3655,3660,3663,3666,3671,3672,3672,3673,3670,3663,3658,3654,3653,3656,3661,3666,3669,3673,3674,3676,3675,3676,3677,3676,3672,3665,3655,3647,3636,3621,3609,3602,3593,3586,3585,3589,3597,3608,3620,3633,3645,3656,3667,3677,3685,3688,3695,3702,3706,3710,3716,3719,3721,3725,3727,3724,3719,3714,3709,3701,3692,3685,3679,3671,3659,3651,3645
3147,3149,3152,3157,3165,3172,3179,3186,3193,3202,3209,3216,3224,3230,3235,3234,3229,3224,3222,3222,3222,3220,3216,3211,3207,3208,3208,3210,3216,3223,3231,3239,3249,3259,3267,3276,3285,3292,3298,3305,3312,3320,3326,3332,3336,3337,3337,3336,3336,3337,3334,3333,3336,3339,3341,3344,3350,3354,3360,3369,3381,3395,3408,3418,3428,3438,3449,3457,3463,3467,3470,3472,3472,3472,3474,3481,3488,3495,3501,3508,3509,3508,3507,3507,3506,3505,3504,3508,3512,3514,3515,3516,3519,3522,3525,3529,3537,3542,3547,3551,3554,3558,3561,3564,3569,3574,3577,3579,3581,3585,3589,3596,3601,3605,3610,3617,3623,3628,3634,3640,3644,3650,3653,3655,3658,3663,3664,3666,3671,3676,3682,3687,3691,3698,3709,3720,3728,3730,3732,3730,3724,3717,3707,3697,3687,3676,3665,3652,3647,3641,3635,3628,3624,3620,3613,3606,3606,3611,3620,3628,3634,3641,3649,3658,3665,3673,3681,3686,3694,3703,3709,3713,3714,3712,3706,3701,3698,3694,3686,3677,3670,3663,3652,3646,3643,3640,3639,3639,3642,3648,3654,3656,3659,3665,3666,3667,3668,3664,3658,3653,3650,3647,3649,3653,3656,3659,3662,3665,3667,3666,3667,3670,3669,3667,3663,3653,3644,3633,3620,3609,3600,3590,3581,3577,3580,3587,3598,3613,3625,3635,3646,3657,3667,3674,3678,3682,3690,3695,3700,3706,3711,3713,3718,3720,3717,3713,3709,3705,3700,3693,3687,3682,3675,3662,3654,3650
3149,3148,3150,3155,3162,3168,3175,3181,3186,3192,3200,3210,3217,3222,3227,3227,3223,3220,3218,3219,3218,3216,3210,3205,3201,3201,3201,3204,3211,3219,3229,3238,3248,3258,3266,3274,3282,3290,3297,3303,3310,3317,3325,3330,3332,3331,3329,3327,3328,3328,3326,3326,3329,3333,3336,3339,3344,3348,3356,3366,3379,3392,3406,3416,3425,3434,3445,3454,3459,3462,3463,3463,3463,3464,3469,3478,3485,3495,3504,3512,3513,3512,3511,3511,3510,3509,3509,3513,3518,3519,3520,3521,3523,3524,3525,3529,3538,3545,3549,3552,3555,3557,3563,3566,3570,3575,3579,3582,3585,3586,3589,3596,3602,3609,3613,3620,3628,3635,3640,3643,3647,3652,3653,3654,3656,3659,3659,3661,3667,3672,3675,3680,3686,3693,3701,3711,3720,3724,3724,3723,3720,3711,3701,3690,3680,3671,3659,3644,3638,3632,3626,3618,3614,3611,3604,3598,3598,3603,3609,3617,3625,3631,3639,3648,3656,3665,3672,3678,3687,3697,3702,3706,3709,3707,3702,3697,3695,3692,3685,3675,3669,3663,3653,3646,3643,3637,3635,3634,3635,3640,3647,3650,3653,3658,3661,3662,3662,3659,3654,3649,3644,3642,3641,3644,3646,3648,3651,3654,3656,3656,3657,3663,3664,3663,3661,3653,3642,3630,3617,3607,3596,3585,3574,3570,3573,3579,3590,3604,3617,3624,3633,3644,3654,3660,3666,3670,3678,3686,3692,3696,3701,3705,3710,3712,3709,3705,3703,3701,3699,3694,3688,3683,3676,3665,3657,3653
3150,3148,3149,3154,3158,3164,3170,3175,3179,3184,3193,3204,3211,3214,3217,3219,3217,3215,3216,3216,3215,3211,3206,3201,3197,3196,3197,3201,3209,3219,3229,3238,3246,3256,3265,3272,3279,3288,3295,3301,3308,3316,3323,3328,3328,3325,3322,3319,3319,3319,3318,3318,3321,3326,3331,3335,3339,3345,3354,3366,3378,3389,3403,3414,3422,3433,3443,3451,3455,3457,3458,3456,3454,3457,3465,3476,3484,3494,3506,3516,3518,3517,3515,3514,3513,3512,3513,3516,3521,3524,3526,3526,3527,3528,3529,3534,3543,3548,3551,3554,3556,3558,3564,3567,3571,3575,3581,3586,3590,3591,3594,3600,3606,3613,3620,3627,3634,3641,3647,3649,3650,3653,3654,3654,3654,3654,3654,3657,3662,3667,3670,3675,3682,3688,3694,3702,3711,3715,3717,3717,3714,3704,3694,3683,3674,3666,3653,3638,3629,3622,3615,3606,3603,3600,3594,3589,3589,3593,3600,3608,3615,3620,3627,3637,3647,3656,3665,3673,3682,3690,3694,3699,3704,3704,3700,3695,3692,3688,3682,3674,3667,3661,3655,3648,3643,3636,3633,3630,3629,3633,3639,3643,3644,3648,3654,3658,3658,3654,3650,3646,3641,3636,3634,3636,3637,3638,3639,3642,3644,3645,3650,3658,3660,3658,3657,3651,3639,3624,3612,3600,3590,3579,3568,3564,3566,3572,3582,3595,3607,3612,3619,3630,3641,3647,3653,3659,3667,3676,3682,3687,3690,3693,3698,3701,3698,3696,3697,3697,3696,3694,3689,3685,3679,3670,3662,3656
3152,3149,3150,3153,3155,3159,3165,3169,3172,3177,3185,3196,3203,3206,3208,3211,3209,3210,3212,3213,3213,3209,3203,3198,3192,3192,3194,3200,3210,3220,3229,3237,3245,3255,3263,3271,3277,3286,3292,3298,3306,3314,3320,3325,3324,3319,3315,3312,3312,3311,3310,3311,3314,3318,3324,3331,3337,3343,3355,3366,3377,3387,3400,3412,3422,3431,3439,3446,3450,3451,3451,3449,3448,3452,3460,3470,3480,3492,3504,3515,3519,3519,3517,3516,3516,3516,3516,3519,3525,3529,3532,3531,3531,3533,3535,3540,3548,3552,3554,3556,3558,3560,3564,3567,3570,3576,3583,3590,3595,3597,3602,3606,3611,3618,3627,3634,3638,3644,3650,3651,3651,3651,3651,3650,3648,3647,3646,3649,3654,3660,3663,3670,3677,3684,3690,3695,3701,3706,3710,3709,3705,3698,3690,3680,3669,3659,3648,3634,3622,3612,3605,3597,3594,3590,3585,3580,3579,3585,3592,3600,3607,3612,3619,3628,3639,3649,3658,3666,3675,3682,3688,3694,3700,3701,3697,3693,3690,3685,3678,3671,3664,3659,3655,3650,3644,3635,3630,3627,3625,3625,3629,3633,3636,3639,3648,3654,3655,3652,3648,3645,3640,3632,3627,3627,3627,3627,3628,3630,3632,3635,3642,3652,3655,3655,3653,3646,3635,3620,3607,3594,3585,3574,3562,3556,3557,3562,3574,3587,3597,3602,3607,3616,3626,3633,3639,3645,3654,3663,3669,3675,3680,3681,3684,3685,3686,3687,3691,3692,3692,3692,3690,3688,3683,3676,3669,3662
3152,3149,3149,3151,3152,3155,3160,3164,3166,3171,3180,3189,3195,3199,3200,3200,3200,3201,3204,3206,3206,3203,3198,3192,3189,3188,3190,3196,3207,3217,3226,3234,3244,3253,3263,3272,3279,3284,3289,3293,3301,3309,3315,3320,3320,3316,3309,3305,3306,3305,3304,3305,3309,3312,3319,3326,3335,3343,3353,3363,3375,3387,3400,3411,3421,3429,3436,3442,3444,3444,3443,3443,3443,3447,3454,3464,3475,3487,3499,3509,3516,3517,3515,3515,3515,3517,3517,3521,3528,3532,3536,3536,3536,3539,3541,3545,3550,3552,3554,3556,3557,3559,3562,3565,3571,3579,3586,3592,3597,3603,3606,3611,3617,3623,3631,3638,3641,3646,3651,3652,3650,3647,3645,3642,3641,3638,3638,3640,3645,3650,3654,3661,3668,3676,3683,3688,3692,3697,3700,3699,3697,3693,3687,3676,3663,3652,3641,3629,3617,3606,3597,3590,3585,3579,3575,3571,3571,3577,3583,3590,3599,3606,3612,3621,3632,3642,3650,3658,3667,3676,3684,3689,3696,3698,3695,3692,3689,3683,3677,3671,3664,3659,3655,3650,3645,3634,3628,3623,3619,3618,3620,3625,3628,3634,3642,3649,3652,3651,3649,3646,3640,3629,3621,3618,3617,3617,3618,3619,3622,3627,3634,3642,3649,3652,3650,3643,3632,3617,3605,3591,3581,3570,3558,3548,3550,3555,3566,3578,3589,3595,3597,3601,3610,3618,3622,3631,3641,3650,3656,3662,3667,3667,3668,3670,3674,3680,3686,3690,3690,3691,3690,3690,3687,3681,3676,3670
3154,3150,3149,3149,3149,3152,3155,3159,3161,3167,3177,3185,3189,3191,3191,3191,3191,3191,3194,3196,3197,3196,3192,3188,3185,3183,3184,3190,3202,3213,3223,3232,3243,3253,3265,3276,3282,3285,3287,3291,3296,3303,3307,3312,3314,3312,3305,3300,3299,3299,3298,3299,3302,3307,3314,3321,3331,3341,3350,3360,3373,3386,3398,3407,3416,3426,3433,3438,3439,3436,3434,3436,3436,3440,3448,3459,3468,3480,3490,3501,3507,3509,3510,3510,3510,3510,3512,3517,3526,3533,3537,3538,3539,3541,3541,3543,3545,3546,3548,3551,3554,3556,3560,3564,3572,3579,3585,3590,3596,3602,3606,3613,3620,3625,3631,3636,3640,3645,3648,3649,3647,3642,3636,3634,3633,3631,3632,3634,3638,3643,3647,3653,3661,3668,3673,3679,3685,3688,3688,3689,3687,3684,3678,3667,3654,3644,3634,3622,3611,3602,3592,3582,3574,3570,3567,3563,3564,3568,3574,3581,3589,3596,3604,3614,3623,3633,3641,3650,3661,3670,3677,3684,3691,3696,3696,3694,3691,3685,3678,3672,3665,3658,3653,3648,3643,3635,3628,3621,3614,3610,3613,3617,3622,3627,3636,3644,3650,3651,3649,3645,3638,3626,3615,3611,3610,3609,3608,3610,3614,3620,3627,3634,3641,3646,3644,3638,3630,3617,3605,3589,3575,3564,3554,3545,3544,3548,3556,3570,3582,3587,3589,3592,3598,3605,3610,3620,3631,3638,3643,3647,3650,3651,3655,3658,3664,3674,3682,3686,3688,3689,3690,3689,3688,3683,3680,3675
3155,3151,3150,3147,3146,3148,3150,3153,3156,3162,3172,3180,3182,3182,3181,3181,3181,3183,3185,3188,3189,3188,3187,3184,3181,3177,3178,3184,3197,3209,3219,3230,3241,3251,3265,3278,3285,3285,3285,3287,3290,3294,3297,3301,3304,3304,3300,3294,3292,3291,3291,3292,3294,3300,3309,3316,3328,3339,3349,3358,3370,3382,3392,3402,3412,3420,3430,3435,3434,3429,3427,3428,3429,3433,3440,3449,3458,3470,3480,3491,3497,3499,3501,3503,3502,3502,3505,3511,3520,3528,3532,3536,3539,3538,3537,3536,3538,3539,3541,3544,3548,3551,3556,3563,3571,3577,3582,3588,3595,3600,3604,3611,3618,3623,3629,3634,3636,3638,3642,3644,3642,3634,3629,3627,3625,3625,3628,3629,3631,3637,3643,3648,3655,3662,3665,3669,3676,3680,3681,3680,3678,3673,3669,3659,3646,3637,3628,3616,3607,3596,3584,3572,3563,3561,3558,3555,3554,3558,3564,3572,3580,3586,3595,3604,3614,3624,3633,3643,3654,3663,3670,3677,3687,3695,3699,3698,3695,3687,3680,3673,3665,3655,3650,3647,3641,3634,3627,3618,3609,3603,3606,3611,3615,3620,3628,3637,3644,3647,3645,3641,3634,3623,3612,3607,3603,3599,3598,3602,3606,3611,3618,3623,3631,3639,3640,3634,3626,3614,3601,3586,3571,3560,3551,3540,3538,3544,3552,3565,3576,3579,3580,3582,3588,3594,3601,3611,3620,3626,3628,3630,3634,3638,3642,3648,3657,3668,3677,3680,3683,3686,3688,3688,3686,3683,3681,3676
3156,3153,3150,3146,3144,3143,3144,3147,3151,3157,3168,3174,3177,3176,3173,3171,3171,3174,3178,3181,3182,3181,3179,3178,3174,3172,3173,3181,3194,3206,3216,3228,3239,3248,3260,3273,3281,3283,3283,3283,3283,3284,3286,3290,3294,3294,3291,3287,3285,3283,3283,3285,3289,3295,3303,3313,3326,3338,3348,3359,3369,3379,3388,3396,3406,3415,3423,3427,3425,3420,3419,3420,3421,3425,3433,3440,3450,3460,3470,3480,3486,3489,3490,3492,3492,3494,3500,3507,3513,3521,3526,3530,3531,3530,3530,3529,3530,3532,3534,3537,3541,3546,3552,3559,3567,3573,3579,3586,3593,3597,3601,3607,3612,3616,3623,3629,3630,3631,3634,3637,3635,3626,3622,3620,3617,3618,3621,3620,3624,3631,3638,3643,3648,3653,3658,3661,3667,3671,3673,3673,3669,3664,3660,3652,3644,3635,3624,3613,3604,3591,3577,3561,3556,3552,3545,3541,3542,3546,3553,3562,3572,3577,3584,3593,3603,3614,3624,3635,3648,3656,3663,3670,3680,3690,3697,3699,3695,3688,3682,3675,3666,3655,3649,3645,3639,3632,3624,3615,3606,3599,3600,3603,3606,3611,3621,3630,3635,3637,3637,3634,3627,3616,3606,3599,3593,3589,3591,3595,3597,3601,3608,3615,3623,3631,3634,3630,3622,3610,3597,3582,3569,3557,3545,3534,3533,3540,3548,3560,3570,3573,3573,3572,3575,3583,3592,3602,3606,3609,3612,3617,3623,3628,3632,3637,3646,3658,3668,3673,3677,3680,3683,3685,3684,3684,3682,3678
3156,3152,3147,3142,3140,3139,3138,3141,3147,3154,3162,3170,3173,3171,3166,3161,3162,3166,3172,3174,3173,3173,3171,3170,3170,3171,3174,3180,3190,3201,3213,3225,3235,3244,3255,3266,3273,3277,3278,3277,3274,3273,3273,3277,3281,3285,3285,3282,3279,3278,3279,3281,3286,3293,3301,3312,3325,3336,3346,3355,3365,3374,3384,3391,3399,3407,3413,3415,3413,3410,3410,3410,3411,3415,3424,3431,3441,3451,3461,3470,3473,3476,3478,3481,3483,3487,3494,3501,3505,3511,3517,3522,3522,3521,3522,3524,3526,3527,3528,3533,3537,3543,3549,3555,3563,3569,3576,3582,3587,3591,3596,3600,3603,3608,3614,3618,3621,3624,3628,3631,3628,3620,3615,3612,3610,3610,3610,3612,3617,3624,3628,3633,3639,3644,3649,3653,3657,3661,3664,3663,3660,3656,3652,3648,3642,3634,3625,3617,3606,3591,3574,3561,3553,3545,3535,3531,3533,3538,3544,3552,3562,3569,3576,3584,3593,3604,3615,3625,3638,3646,3655,3665,3674,3684,3692,3696,3695,3688,3682,3677,3668,3658,3651,3642,3637,3630,3621,3612,3603,3594,3591,3592,3593,3600,3611,3621,3624,3626,3625,3622,3616,3607,3596,3590,3584,3580,3582,3586,3588,3593,3600,3607,3615,3622,3629,3626,3622,3611,3596,3579,3567,3554,3541,3532,3530,3534,3540,3549,3559,3564,3565,3564,3565,3572,3582,3590,3592,3593,3599,3605,3612,3617,3623,3627,3634,3647,3657,3663,3670,3674,3676,3682,3687,3688,3687,3683
3154,3149,3142,3134,3133,3132,3131,3135,3141,3148,3156,3164,3167,3163,3157,3153,3154,3159,3164,3167,3166,3165,3163,3163,3167,3169,3172,3177,3186,3195,3207,3220,3231,3241,3250,3259,3265,3269,3271,3270,3268,3264,3262,3264,3269,3276,3278,3276,3275,3274,3273,3275,3282,3292,3305,3315,3325,3334,3344,3353,3361,3370,3379,3384,3389,3397,3401,3402,3401,3400,3400,3400,3400,3404,3412,3421,3431,3441,3449,3455,3461,3465,3470,3474,3476,3480,3485,3492,3496,3500,3506,3512,3515,3513,3514,3517,3520,3521,3523,3528,3535,3540,3546,3552,3558,3564,3569,3574,3578,3582,3586,3589,3593,3598,3602,3606,3610,3617,3622,3624,3621,3613,3608,3603,3602,3602,3603,3604,3607,3612,3618,3622,3628,3634,3641,3645,3649,3652,3653,3651,3649,3646,3645,3642,3638,3634,3629,3620,3606,3590,3576,3559,3549,3541,3533,3527,3527,3532,3537,3543,3551,3560,3569,3578,3586,3597,3608,3617,3629,3638,3647,3660,3671,3680,3687,3694,3694,3688,3682,3677,3668,3658,3650,3643,3636,3628,3617,3606,3597,3589,3585,3584,3586,3590,3600,3607,3610,3614,3616,3614,3610,3600,3590,3585,3579,3574,3573,3577,3581,3587,3595,3602,3610,3618,3624,3625,3617,3607,3591,3573,3561,3552,3542,3530,3525,3528,3534,3541,3549,3554,3556,3557,3554,3559,3570,3578,3581,3584,3589,3593,3597,3606,3615,3620,3629,3640,3648,3655,3661,3666,3671,3680,3687,3688,3690,3692
3154,3147,3138,3131,3128,3127,3125,3130,3136,3143,3149,3154,3156,3154,3146,3144,3147,3152,3158,3162,3161,3158,3156,3157,3160,3164,3169,3176,3184,3193,3204,3214,3225,3235,3244,3251,3255,3259,3262,3263,3260,3255,3254,3255,3257,3264,3270,3270,3268,3266,3267,3272,3279,3293,3307,3316,3324,3334,3344,3350,3356,3362,3368,3373,3379,3384,3387,3389,3389,3390,3392,3392,3393,3397,3404,3412,3421,3432,3442,3450,3457,3462,3464,3467,3473,3475,3477,3482,3488,3492,3495,3501,3502,3502,3504,3505,3510,3515,3517,3522,3529,3535,3542,3548,3554,3558,3562,3564,3567,3572,3576,3579,3580,3583,3588,3593,3599,3607,3613,3614,3611,3604,3598,3595,3594,3594,3596,3595,3597,3601,3606,3611,3617,3623,3631,3637,3641,3643,3642,3640,3636,3633,3632,3632,3632,3632,3628,3618,3604,3588,3575,3556,3542,3536,3530,3524,3522,3526,3530,3535,3542,3552,3562,3572,3580,3590,3601,3610,3622,3632,3641,3653,3665,3676,3683,3690,3692,3688,3681,3675,3667,3657,3650,3642,3634,3624,3614,3602,3594,3586,3580,3578,3580,3584,3592,3597,3600,3605,3608,3608,3604,3596,3586,3579,3573,3568,3566,3570,3575,3583,3592,3598,3606,3615,3621,3617,3608,3597,3583,3568,3557,3550,3541,3526,3522,3523,3528,3534,3539,3544,3546,3544,3546,3548,3553,3562,3571,3574,3577,3580,3588,3598,3607,3614,3625,3635,3641,3648,3656,3661,3668,3678,3685,3690,3693,3697
